ap 1 1000 37
ap 2 1001 41
ap 3 1002 4
ap 4 1003 14
ap 5 1004 67
ap 6 1005 29
ap 7 1006 73
ag 1
ag 2
qm 3
ap 8 5412929067 187
cn 5
qp 1
sm 1
aem 1 1 0 4 4
ap 9 5974260780 68
anm 1 665 0 1 5
ap 10 7416160360 159
ar 4 11 838
ap 11 1952627358 58
qrm 8
ap 12 6782270266 135
sim 1
qp 1
ar 11 4 402
sm 3
aem 2 1 1 2 2
ap 13 4986425303 132
ar 14 9 257
ap 14 6448928615 183
ap 15 5510505449 73
arem 2 854 1 2 1
qgvs 1
ap 16 1518579133 71
cn 18
qsv 15
sim 1
ap 17 9723477853 24
aem 3 1 1 8 1
qgav 2
qp 1
ar 9 16 607
ar 9 8 554
qbs
arem 3 -730 1 9 1
sei 1
aem 4 2 0 15 13
am 4 353 1 10 1
dfg 12 1
ap 18 5318364720 178
ap 19 6100461853 17
qgps 1
ar 14 10 887
ap 20 2215857140 128
aem 5 1 1 1 2
anm 5 887 0 21 12
sim 6
qgav 1
ar 13 17 342
qbs
ar 7 3 882
anm 6 827 0 5 1
ap 21 8595807845 84
qv 14 11
anm 7 913 1 17 1
qbs
ap 22 1564422153 195
ar 5 11 37
qp 2
qm 11
qrm 12
dce 1
ap 23 9165615772 171
arem 8 581 0 16 16
anm 9 -289 0 13 17
qsv 7
cn 1
qp 2
ap 24 1724113023 187
sim 8
am 10 324 1 9 1
ar 10 24 12
aem 11 1 1 10 2
qp 2
qrm 3
dfg 10 1
ap 25 3189514919 121
sei 2
arem 11 960 1 21 2
qgvs 1
ap 26 8355162315 49
ag 1
ap 27 4763079429 77
ar 9 21 573
qlc 25
ar 5 12 809
arem 12 -326 0 27 21
ar 16 14 642
anm 13 106 1 26 2
qps
aem 14 3 1 18 1
arem 14 962 1 1 1
ap 28 3089787147 92
qp 2
qm 15
qm 26
ap 29 133762543 187
qps
qci 14 29