ap 1 1 1
ap 2 2 1
ap 3 3 1
ap 4 4 1
ap 5 5 1
ap 6 6 1
ap 7 7 1
ap 8 8 1
ap 9 9 1
ap 10 10 1
ap 11 11 1
ap 12 12 1
ap 13 13 1
ap 14 14 1
ap 15 15 1
ap 16 16 1
ap 17 17 1
ap 18 18 1
ap 19 19 1
ap 20 20 1
ap 21 21 1
ap 22 22 1
ap 23 23 1
ap 24 24 1
ap 25 25 1
ap 26 26 1
ap 27 27 1
ap 28 28 1
ap 29 29 1
ap 30 30 1
ap 31 31 1
ap 32 32 1
ap 33 33 1
ap 34 34 1
ap 35 35 1
ap 36 36 1
ap 37 37 1
ap 38 38 1
ap 39 39 1
ap 40 40 1
ap 41 41 1
ap 42 42 1
ap 43 43 1
ap 44 44 1
ap 45 45 1
ap 46 46 1
ap 47 47 1
ap 48 48 1
ap 49 49 1
ap 50 50 1
ap 51 51 1
ap 52 52 1
ap 53 53 1
ap 54 54 1
ap 55 55 1
ap 56 56 1
ap 57 57 1
ap 58 58 1
ap 59 59 1
ap 60 60 1
ap 61 61 1
ap 62 62 1
ap 63 63 1
ap 64 64 1
ap 65 65 1
ap 66 66 1
ap 67 67 1
ap 68 68 1
ap 69 69 1
ap 70 70 1
ap 71 71 1
ap 72 72 1
ap 73 73 1
ap 74 74 1
ap 75 75 1
ap 76 76 1
ap 77 77 1
ap 78 78 1
ap 79 79 1
ap 80 80 1
ap 81 81 1
ap 82 82 1
ap 83 83 1
ap 84 84 1
ap 85 85 1
ap 86 86 1
ap 87 87 1
ap 88 88 1
ap 89 89 1
ap 90 90 1
ap 91 91 1
ap 92 92 1
ap 93 93 1
ap 94 94 1
ap 95 95 1
ap 96 96 1
ap 97 97 1
ap 98 98 1
ap 99 99 1
ap 100 100 1
ap 101 101 1
ap 102 102 1
ap 103 103 1
ap 104 104 1
ap 105 105 1
ap 106 106 1
ap 107 107 1
ap 108 108 1
ap 109 109 1
ap 110 110 1
ap 111 111 1
ap 112 112 1
ap 113 113 1
ap 114 114 1
ap 115 115 1
ap 116 116 1
ap 117 117 1
ap 118 118 1
ap 119 119 1
ap 120 120 1
ap 121 121 1
ap 122 122 1
ap 123 123 1
ap 124 124 1
ap 125 125 1
ap 126 126 1
ap 127 127 1
ap 128 128 1
ap 129 129 1
ap 130 130 1
ap 131 131 1
ap 132 132 1
ap 133 133 1
ap 134 134 1
ap 135 135 1
ap 136 136 1
ap 137 137 1
ap 138 138 1
ap 139 139 1
ap 140 140 1
ap 141 141 1
ap 142 142 1
ap 143 143 1
ap 144 144 1
ap 145 145 1
ap 146 146 1
ap 147 147 1
ap 148 148 1
ap 149 149 1
ap 150 150 1
ap 151 151 1
ap 152 152 1
ap 153 153 1
ap 154 154 1
ap 155 155 1
ap 156 156 1
ap 157 157 1
ap 158 158 1
ap 159 159 1
ap 160 160 1
ap 161 161 1
ap 162 162 1
ap 163 163 1
ap 164 164 1
ap 165 165 1
ap 166 166 1
ap 167 167 1
ap 168 168 1
ap 169 169 1
ap 170 170 1
ap 171 171 1
ap 172 172 1
ap 173 173 1
ap 174 174 1
ap 175 175 1
ap 176 176 1
ap 177 177 1
ap 178 178 1
ap 179 179 1
ap 180 180 1
ap 181 181 1
ap 182 182 1
ap 183 183 1
ap 184 184 1
ap 185 185 1
ap 186 186 1
ap 187 187 1
ap 188 188 1
ap 189 189 1
ap 190 190 1
ap 191 191 1
ap 192 192 1
ap 193 193 1
ap 194 194 1
ap 195 195 1
ap 196 196 1
ap 197 197 1
ap 198 198 1
ap 199 199 1
ap 200 200 1
ap 201 201 1
ap 202 202 1
ap 203 203 1
ap 204 204 1
ap 205 205 1
ap 206 206 1
ap 207 207 1
ap 208 208 1
ap 209 209 1
ap 210 210 1
ap 211 211 1
ap 212 212 1
ap 213 213 1
ap 214 214 1
ap 215 215 1
ap 216 216 1
ap 217 217 1
ap 218 218 1
ap 219 219 1
ap 220 220 1
ap 221 221 1
ap 222 222 1
ap 223 223 1
ap 224 224 1
ap 225 225 1
ap 226 226 1
ap 227 227 1
ap 228 228 1
ap 229 229 1
ap 230 230 1
ap 231 231 1
ap 232 232 1
ap 233 233 1
ap 234 234 1
ap 235 235 1
ap 236 236 1
ap 237 237 1
ap 238 238 1
ap 239 239 1
ap 240 240 1
ap 241 241 1
ap 242 242 1
ap 243 243 1
ap 244 244 1
ap 245 245 1
ap 246 246 1
ap 247 247 1
ap 248 248 1
ap 249 249 1
ap 250 250 1
ap 251 251 1
ap 252 252 1
ap 253 253 1
ap 254 254 1
ap 255 255 1
ap 256 256 1
ap 257 257 1
ap 258 258 1
ap 259 259 1
ap 260 260 1
ap 261 261 1
ap 262 262 1
ap 263 263 1
ap 264 264 1
ap 265 265 1
ap 266 266 1
ap 267 267 1
ap 268 268 1
ap 269 269 1
ap 270 270 1
ap 271 271 1
ap 272 272 1
ap 273 273 1
ap 274 274 1
ap 275 275 1
ap 276 276 1
ap 277 277 1
ap 278 278 1
ap 279 279 1
ap 280 280 1
ap 281 281 1
ap 282 282 1
ap 283 283 1
ap 284 284 1
ap 285 285 1
ap 286 286 1
ap 287 287 1
ap 288 288 1
ap 289 289 1
ap 290 290 1
ap 291 291 1
ap 292 292 1
ap 293 293 1
ap 294 294 1
ap 295 295 1
ap 296 296 1
ap 297 297 1
ap 298 298 1
ap 299 299 1
ap 300 300 1
ap 301 301 1
ap 302 302 1
ap 303 303 1
ap 304 304 1
ap 305 305 1
ap 306 306 1
ap 307 307 1
ap 308 308 1
ap 309 309 1
ap 310 310 1
ap 311 311 1
ap 312 312 1
ap 313 313 1
ap 314 314 1
ap 315 315 1
ap 316 316 1
ap 317 317 1
ap 318 318 1
ap 319 319 1
ap 320 320 1
ap 321 321 1
ap 322 322 1
ap 323 323 1
ap 324 324 1
ap 325 325 1
ap 326 326 1
ap 327 327 1
ap 328 328 1
ap 329 329 1
ap 330 330 1
ap 331 331 1
ap 332 332 1
ap 333 333 1
ap 334 334 1
ap 335 335 1
ap 336 336 1
ap 337 337 1
ap 338 338 1
ap 339 339 1
ap 340 340 1
ap 341 341 1
ap 342 342 1
ap 343 343 1
ap 344 344 1
ap 345 345 1
ap 346 346 1
ap 347 347 1
ap 348 348 1
ap 349 349 1
ap 350 350 1
ap 351 351 1
ap 352 352 1
ap 353 353 1
ap 354 354 1
ap 355 355 1
ap 356 356 1
ap 357 357 1
ap 358 358 1
ap 359 359 1
ap 360 360 1
ap 361 361 1
ap 362 362 1
ap 363 363 1
ap 364 364 1
ap 365 365 1
ap 366 366 1
ap 367 367 1
ap 368 368 1
ap 369 369 1
ap 370 370 1
ap 371 371 1
ap 372 372 1
ap 373 373 1
ap 374 374 1
ap 375 375 1
ap 376 376 1
ap 377 377 1
ap 378 378 1
ap 379 379 1
ap 380 380 1
ap 381 381 1
ap 382 382 1
ap 383 383 1
ap 384 384 1
ap 385 385 1
ap 386 386 1
ap 387 387 1
ap 388 388 1
ap 389 389 1
ap 390 390 1
ap 391 391 1
ap 392 392 1
ap 393 393 1
ap 394 394 1
ap 395 395 1
ap 396 396 1
ap 397 397 1
ap 398 398 1
ap 399 399 1
ap 400 400 1
ap 401 401 1
ap 402 402 1
ap 403 403 1
ap 404 404 1
ap 405 405 1
ap 406 406 1
ap 407 407 1
ap 408 408 1
ap 409 409 1
ap 410 410 1
ap 411 411 1
ap 412 412 1
ap 413 413 1
ap 414 414 1
ap 415 415 1
ap 416 416 1
ap 417 417 1
ap 418 418 1
ap 419 419 1
ap 420 420 1
ap 421 421 1
ap 422 422 1
ap 423 423 1
ap 424 424 1
ap 425 425 1
ap 426 426 1
ap 427 427 1
ap 428 428 1
ap 429 429 1
ap 430 430 1
ap 431 431 1
ap 432 432 1
ap 433 433 1
ap 434 434 1
ap 435 435 1
ap 436 436 1
ap 437 437 1
ap 438 438 1
ap 439 439 1
ap 440 440 1
ap 441 441 1
ap 442 442 1
ap 443 443 1
ap 444 444 1
ap 445 445 1
ap 446 446 1
ap 447 447 1
ap 448 448 1
ap 449 449 1
ap 450 450 1
ap 451 451 1
ap 452 452 1
ap 453 453 1
ap 454 454 1
ap 455 455 1
ap 456 456 1
ap 457 457 1
ap 458 458 1
ap 459 459 1
ap 460 460 1
ap 461 461 1
ap 462 462 1
ap 463 463 1
ap 464 464 1
ap 465 465 1
ap 466 466 1
ap 467 467 1
ap 468 468 1
ap 469 469 1
ap 470 470 1
ap 471 471 1
ap 472 472 1
ap 473 473 1
ap 474 474 1
ap 475 475 1
ap 476 476 1
ap 477 477 1
ap 478 478 1
ap 479 479 1
ap 480 480 1
ap 481 481 1
ap 482 482 1
ap 483 483 1
ap 484 484 1
ap 485 485 1
ap 486 486 1
ap 487 487 1
ap 488 488 1
ap 489 489 1
ap 490 490 1
ap 491 491 1
ap 492 492 1
ap 493 493 1
ap 494 494 1
ap 495 495 1
ap 496 496 1
ap 497 497 1
ap 498 498 1
ap 499 499 1
ap 500 500 1
ap 501 501 1
ap 502 502 1
ap 503 503 1
ap 504 504 1
ap 505 505 1
ap 506 506 1
ap 507 507 1
ap 508 508 1
ap 509 509 1
ap 510 510 1
ap 511 511 1
ap 512 512 1
ap 513 513 1
ap 514 514 1
ap 515 515 1
ap 516 516 1
ap 517 517 1
ap 518 518 1
ap 519 519 1
ap 520 520 1
ap 521 521 1
ap 522 522 1
ap 523 523 1
ap 524 524 1
ap 525 525 1
ap 526 526 1
ap 527 527 1
ap 528 528 1
ap 529 529 1
ap 530 530 1
ap 531 531 1
ap 532 532 1
ap 533 533 1
ap 534 534 1
ap 535 535 1
ap 536 536 1
ap 537 537 1
ap 538 538 1
ap 539 539 1
ap 540 540 1
ap 541 541 1
ap 542 542 1
ap 543 543 1
ap 544 544 1
ap 545 545 1
ap 546 546 1
ap 547 547 1
ap 548 548 1
ap 549 549 1
ap 550 550 1
ap 551 551 1
ap 552 552 1
ap 553 553 1
ap 554 554 1
ap 555 555 1
ap 556 556 1
ap 557 557 1
ap 558 558 1
ap 559 559 1
ap 560 560 1
ap 561 561 1
ap 562 562 1
ap 563 563 1
ap 564 564 1
ap 565 565 1
ap 566 566 1
ap 567 567 1
ap 568 568 1
ap 569 569 1
ap 570 570 1
ap 571 571 1
ap 572 572 1
ap 573 573 1
ap 574 574 1
ap 575 575 1
ap 576 576 1
ap 577 577 1
ap 578 578 1
ap 579 579 1
ap 580 580 1
ap 581 581 1
ap 582 582 1
ap 583 583 1
ap 584 584 1
ap 585 585 1
ap 586 586 1
ap 587 587 1
ap 588 588 1
ap 589 589 1
ap 590 590 1
ap 591 591 1
ap 592 592 1
ap 593 593 1
ap 594 594 1
ap 595 595 1
ap 596 596 1
ap 597 597 1
ap 598 598 1
ap 599 599 1
ap 600 600 1
ap 601 601 1
ap 602 602 1
ap 603 603 1
ap 604 604 1
ap 605 605 1
ap 606 606 1
ap 607 607 1
ap 608 608 1
ap 609 609 1
ap 610 610 1
ap 611 611 1
ap 612 612 1
ap 613 613 1
ap 614 614 1
ap 615 615 1
ap 616 616 1
ap 617 617 1
ap 618 618 1
ap 619 619 1
ap 620 620 1
ap 621 621 1
ap 622 622 1
ap 623 623 1
ap 624 624 1
ap 625 625 1
ap 626 626 1
ap 627 627 1
ap 628 628 1
ap 629 629 1
ap 630 630 1
ap 631 631 1
ap 632 632 1
ap 633 633 1
ap 634 634 1
ap 635 635 1
ap 636 636 1
ap 637 637 1
ap 638 638 1
ap 639 639 1
ap 640 640 1
ap 641 641 1
ap 642 642 1
ap 643 643 1
ap 644 644 1
ap 645 645 1
ap 646 646 1
ap 647 647 1
ap 648 648 1
ap 649 649 1
ap 650 650 1
ap 651 651 1
ap 652 652 1
ap 653 653 1
ap 654 654 1
ap 655 655 1
ap 656 656 1
ap 657 657 1
ap 658 658 1
ap 659 659 1
ap 660 660 1
ap 661 661 1
ap 662 662 1
ap 663 663 1
ap 664 664 1
ap 665 665 1
ap 666 666 1
ap 667 667 1
ap 668 668 1
ap 669 669 1
ap 670 670 1
ap 671 671 1
ap 672 672 1
ap 673 673 1
ap 674 674 1
ap 675 675 1
ap 676 676 1
ap 677 677 1
ap 678 678 1
ap 679 679 1
ap 680 680 1
ap 681 681 1
ap 682 682 1
ap 683 683 1
ap 684 684 1
ap 685 685 1
ap 686 686 1
ap 687 687 1
ap 688 688 1
ap 689 689 1
ap 690 690 1
ap 691 691 1
ap 692 692 1
ap 693 693 1
ap 694 694 1
ap 695 695 1
ap 696 696 1
ap 697 697 1
ap 698 698 1
ap 699 699 1
ap 700 700 1
ap 701 701 1
ap 702 702 1
ap 703 703 1
ap 704 704 1
ap 705 705 1
ap 706 706 1
ap 707 707 1
ap 708 708 1
ap 709 709 1
ap 710 710 1
ap 711 711 1
ap 712 712 1
ap 713 713 1
ap 714 714 1
ap 715 715 1
ap 716 716 1
ap 717 717 1
ap 718 718 1
ap 719 719 1
ap 720 720 1
ap 721 721 1
ap 722 722 1
ap 723 723 1
ap 724 724 1
ap 725 725 1
ap 726 726 1
ap 727 727 1
ap 728 728 1
ap 729 729 1
ap 730 730 1
ap 731 731 1
ap 732 732 1
ap 733 733 1
ap 734 734 1
ap 735 735 1
ap 736 736 1
ap 737 737 1
ap 738 738 1
ap 739 739 1
ap 740 740 1
ap 741 741 1
ap 742 742 1
ap 743 743 1
ap 744 744 1
ap 745 745 1
ap 746 746 1
ap 747 747 1
ap 748 748 1
ap 749 749 1
ap 750 750 1
ap 751 751 1
ap 752 752 1
ap 753 753 1
ap 754 754 1
ap 755 755 1
ap 756 756 1
ap 757 757 1
ap 758 758 1
ap 759 759 1
ap 760 760 1
ap 761 761 1
ap 762 762 1
ap 763 763 1
ap 764 764 1
ap 765 765 1
ap 766 766 1
ap 767 767 1
ap 768 768 1
ap 769 769 1
ap 770 770 1
ap 771 771 1
ap 772 772 1
ap 773 773 1
ap 774 774 1
ap 775 775 1
ap 776 776 1
ap 777 777 1
ap 778 778 1
ap 779 779 1
ap 780 780 1
ap 781 781 1
ap 782 782 1
ap 783 783 1
ap 784 784 1
ap 785 785 1
ap 786 786 1
ap 787 787 1
ap 788 788 1
ap 789 789 1
ap 790 790 1
ap 791 791 1
ap 792 792 1
ap 793 793 1
ap 794 794 1
ap 795 795 1
ap 796 796 1
ap 797 797 1
ap 798 798 1
ap 799 799 1
ap 800 800 1
ap 801 801 1
ap 802 802 1
ap 803 803 1
ap 804 804 1
ap 805 805 1
ap 806 806 1
ap 807 807 1
ap 808 808 1
ap 809 809 1
ap 810 810 1
ap 811 811 1
ap 812 812 1
ap 813 813 1
ap 814 814 1
ap 815 815 1
ap 816 816 1
ap 817 817 1
ap 818 818 1
ap 819 819 1
ap 820 820 1
ap 821 821 1
ap 822 822 1
ap 823 823 1
ap 824 824 1
ap 825 825 1
ap 826 826 1
ap 827 827 1
ap 828 828 1
ap 829 829 1
ap 830 830 1
ap 831 831 1
ap 832 832 1
ap 833 833 1
ap 834 834 1
ap 835 835 1
ap 836 836 1
ap 837 837 1
ap 838 838 1
ap 839 839 1
ap 840 840 1
ap 841 841 1
ap 842 842 1
ap 843 843 1
ap 844 844 1
ap 845 845 1
ap 846 846 1
ap 847 847 1
ap 848 848 1
ap 849 849 1
ap 850 850 1
ap 851 851 1
ap 852 852 1
ap 853 853 1
ap 854 854 1
ap 855 855 1
ap 856 856 1
ap 857 857 1
ap 858 858 1
ap 859 859 1
ap 860 860 1
ap 861 861 1
ap 862 862 1
ap 863 863 1
ap 864 864 1
ap 865 865 1
ap 866 866 1
ap 867 867 1
ap 868 868 1
ap 869 869 1
ap 870 870 1
ap 871 871 1
ap 872 872 1
ap 873 873 1
ap 874 874 1
ap 875 875 1
ap 876 876 1
ap 877 877 1
ap 878 878 1
ap 879 879 1
ap 880 880 1
ap 881 881 1
ap 882 882 1
ap 883 883 1
ap 884 884 1
ap 885 885 1
ap 886 886 1
ap 887 887 1
ap 888 888 1
ap 889 889 1
ap 890 890 1
ap 891 891 1
ap 892 892 1
ap 893 893 1
ap 894 894 1
ap 895 895 1
ap 896 896 1
ap 897 897 1
ap 898 898 1
ap 899 899 1
ap 900 900 1
ap 901 901 1
ap 902 902 1
ap 903 903 1
ap 904 904 1
ap 905 905 1
ap 906 906 1
ap 907 907 1
ap 908 908 1
ap 909 909 1
ap 910 910 1
ap 911 911 1
ap 912 912 1
ap 913 913 1
ap 914 914 1
ap 915 915 1
ap 916 916 1
ap 917 917 1
ap 918 918 1
ap 919 919 1
ap 920 920 1
ap 921 921 1
ap 922 922 1
ap 923 923 1
ap 924 924 1
ap 925 925 1
ap 926 926 1
ap 927 927 1
ap 928 928 1
ap 929 929 1
ap 930 930 1
ap 931 931 1
ap 932 932 1
ap 933 933 1
ap 934 934 1
ap 935 935 1
ap 936 936 1
ap 937 937 1
ap 938 938 1
ap 939 939 1
ap 940 940 1
ap 941 941 1
ap 942 942 1
ap 943 943 1
ap 944 944 1
ap 945 945 1
ap 946 946 1
ap 947 947 1
ap 948 948 1
ap 949 949 1
ap 950 950 1
ap 951 951 1
ap 952 952 1
ap 953 953 1
ap 954 954 1
ap 955 955 1
ap 956 956 1
ap 957 957 1
ap 958 958 1
ap 959 959 1
ap 960 960 1
ap 961 961 1
ap 962 962 1
ap 963 963 1
ap 964 964 1
ap 965 965 1
ap 966 966 1
ap 967 967 1
ap 968 968 1
ap 969 969 1
ap 970 970 1
ap 971 971 1
ap 972 972 1
ap 973 973 1
ap 974 974 1
ap 975 975 1
ap 976 976 1
ap 977 977 1
ap 978 978 1
ap 979 979 1
ap 980 980 1
ap 981 981 1
ap 982 982 1
ap 983 983 1
ap 984 984 1
ap 985 985 1
ap 986 986 1
ap 987 987 1
ap 988 988 1
ap 989 989 1
ap 990 990 1
ap 991 991 1
ap 992 992 1
ap 993 993 1
ap 994 994 1
ap 995 995 1
ap 996 996 1
ap 997 997 1
ap 998 998 1
ap 999 999 1
ap 1000 1000 1
ap 1001 1001 1
ap 1002 1002 1
ap 1003 1003 1
ap 1004 1004 1
ap 1005 1005 1
ap 1006 1006 1
ap 1007 1007 1
ap 1008 1008 1
ap 1009 1009 1
ap 1010 1010 1
ap 1011 1011 1
ap 1012 1012 1
ap 1013 1013 1
ap 1014 1014 1
ap 1015 1015 1
ap 1016 1016 1
ap 1017 1017 1
ap 1018 1018 1
ap 1019 1019 1
ap 1020 1020 1
ap 1021 1021 1
ap 1022 1022 1
ap 1023 1023 1
ap 1024 1024 1
ap 1025 1025 1
ap 1026 1026 1
ap 1027 1027 1
ap 1028 1028 1
ap 1029 1029 1
ap 1030 1030 1
ap 1031 1031 1
ap 1032 1032 1
ap 1033 1033 1
ap 1034 1034 1
ap 1035 1035 1
ap 1036 1036 1
ap 1037 1037 1
ap 1038 1038 1
ap 1039 1039 1
ap 1040 1040 1
ap 1041 1041 1
ap 1042 1042 1
ap 1043 1043 1
ap 1044 1044 1
ap 1045 1045 1
ap 1046 1046 1
ap 1047 1047 1
ap 1048 1048 1
ap 1049 1049 1
ap 1050 1050 1
ap 1051 1051 1
ap 1052 1052 1
ap 1053 1053 1
ap 1054 1054 1
ap 1055 1055 1
ap 1056 1056 1
ap 1057 1057 1
ap 1058 1058 1
ap 1059 1059 1
ap 1060 1060 1
ap 1061 1061 1
ap 1062 1062 1
ap 1063 1063 1
ap 1064 1064 1
ap 1065 1065 1
ap 1066 1066 1
ap 1067 1067 1
ap 1068 1068 1
ap 1069 1069 1
ap 1070 1070 1
ap 1071 1071 1
ap 1072 1072 1
ap 1073 1073 1
ap 1074 1074 1
ap 1075 1075 1
ap 1076 1076 1
ap 1077 1077 1
ap 1078 1078 1
ap 1079 1079 1
ap 1080 1080 1
ap 1081 1081 1
ap 1082 1082 1
ap 1083 1083 1
ap 1084 1084 1
ap 1085 1085 1
ap 1086 1086 1
ap 1087 1087 1
ap 1088 1088 1
ap 1089 1089 1
ap 1090 1090 1
ap 1091 1091 1
ap 1092 1092 1
ap 1093 1093 1
ap 1094 1094 1
ap 1095 1095 1
ap 1096 1096 1
ap 1097 1097 1
ap 1098 1098 1
ap 1099 1099 1
ap 1100 1100 1
ap 1101 1101 1
ap 1102 1102 1
ap 1103 1103 1
ap 1104 1104 1
ap 1105 1105 1
ap 1106 1106 1
ap 1107 1107 1
ap 1108 1108 1
ap 1109 1109 1
ap 1110 1110 1
ap 1111 1111 1
ap 1112 1112 1
ap 1113 1113 1
ap 1114 1114 1
ap 1115 1115 1
ap 1116 1116 1
ap 1117 1117 1
ap 1118 1118 1
ap 1119 1119 1
ap 1120 1120 1
ap 1121 1121 1
ap 1122 1122 1
ap 1123 1123 1
ap 1124 1124 1
ap 1125 1125 1
ap 1126 1126 1
ap 1127 1127 1
ap 1128 1128 1
ap 1129 1129 1
ap 1130 1130 1
ap 1131 1131 1
ap 1132 1132 1
ap 1133 1133 1
ap 1134 1134 1
ap 1135 1135 1
ap 1136 1136 1
ap 1137 1137 1
ap 1138 1138 1
ap 1139 1139 1
ap 1140 1140 1
ap 1141 1141 1
ap 1142 1142 1
ap 1143 1143 1
ap 1144 1144 1
ap 1145 1145 1
ap 1146 1146 1
ap 1147 1147 1
ap 1148 1148 1
ap 1149 1149 1
ap 1150 1150 1
ap 1151 1151 1
ap 1152 1152 1
ap 1153 1153 1
ap 1154 1154 1
ap 1155 1155 1
ap 1156 1156 1
ap 1157 1157 1
ap 1158 1158 1
ap 1159 1159 1
ap 1160 1160 1
ap 1161 1161 1
ap 1162 1162 1
ap 1163 1163 1
ap 1164 1164 1
ap 1165 1165 1
ap 1166 1166 1
ap 1167 1167 1
ap 1168 1168 1
ap 1169 1169 1
ap 1170 1170 1
ap 1171 1171 1
ap 1172 1172 1
ap 1173 1173 1
ap 1174 1174 1
ap 1175 1175 1
ap 1176 1176 1
ap 1177 1177 1
ap 1178 1178 1
ap 1179 1179 1
ap 1180 1180 1
ap 1181 1181 1
ap 1182 1182 1
ap 1183 1183 1
ap 1184 1184 1
ap 1185 1185 1
ap 1186 1186 1
ap 1187 1187 1
ap 1188 1188 1
ap 1189 1189 1
ap 1190 1190 1
ap 1191 1191 1
ap 1192 1192 1
ap 1193 1193 1
ap 1194 1194 1
ap 1195 1195 1
ap 1196 1196 1
ap 1197 1197 1
ap 1198 1198 1
ap 1199 1199 1
ap 1200 1200 1
ap 1201 1201 1
ap 1202 1202 1
ap 1203 1203 1
ap 1204 1204 1
ap 1205 1205 1
ap 1206 1206 1
ap 1207 1207 1
ap 1208 1208 1
ap 1209 1209 1
ap 1210 1210 1
ap 1211 1211 1
ap 1212 1212 1
ap 1213 1213 1
ap 1214 1214 1
ap 1215 1215 1
ap 1216 1216 1
ap 1217 1217 1
ap 1218 1218 1
ap 1219 1219 1
ap 1220 1220 1
ap 1221 1221 1
ap 1222 1222 1
ap 1223 1223 1
ap 1224 1224 1
ap 1225 1225 1
ap 1226 1226 1
ap 1227 1227 1
ap 1228 1228 1
ap 1229 1229 1
ap 1230 1230 1
ap 1231 1231 1
ap 1232 1232 1
ap 1233 1233 1
ap 1234 1234 1
ap 1235 1235 1
ap 1236 1236 1
ap 1237 1237 1
ap 1238 1238 1
ap 1239 1239 1
ap 1240 1240 1
ap 1241 1241 1
ap 1242 1242 1
ap 1243 1243 1
ap 1244 1244 1
ap 1245 1245 1
ap 1246 1246 1
ap 1247 1247 1
ap 1248 1248 1
ap 1249 1249 1
ap 1250 1250 1
ap 1251 1251 1
ap 1252 1252 1
ap 1253 1253 1
ap 1254 1254 1
ap 1255 1255 1
ap 1256 1256 1
ap 1257 1257 1
ap 1258 1258 1
ap 1259 1259 1
ap 1260 1260 1
ap 1261 1261 1
ap 1262 1262 1
ap 1263 1263 1
ap 1264 1264 1
ap 1265 1265 1
ap 1266 1266 1
ap 1267 1267 1
ap 1268 1268 1
ap 1269 1269 1
ap 1270 1270 1
ap 1271 1271 1
ap 1272 1272 1
ap 1273 1273 1
ap 1274 1274 1
ap 1275 1275 1
ap 1276 1276 1
ap 1277 1277 1
ap 1278 1278 1
ap 1279 1279 1
ap 1280 1280 1
ap 1281 1281 1
ap 1282 1282 1
ap 1283 1283 1
ap 1284 1284 1
ap 1285 1285 1
ap 1286 1286 1
ap 1287 1287 1
ap 1288 1288 1
ap 1289 1289 1
ap 1290 1290 1
ap 1291 1291 1
ap 1292 1292 1
ap 1293 1293 1
ap 1294 1294 1
ap 1295 1295 1
ap 1296 1296 1
ap 1297 1297 1
ap 1298 1298 1
ap 1299 1299 1
ap 1300 1300 1
ap 1301 1301 1
ap 1302 1302 1
ap 1303 1303 1
ap 1304 1304 1
ap 1305 1305 1
ap 1306 1306 1
ap 1307 1307 1
ap 1308 1308 1
ap 1309 1309 1
ap 1310 1310 1
ap 1311 1311 1
ap 1312 1312 1
ap 1313 1313 1
ap 1314 1314 1
ap 1315 1315 1
ap 1316 1316 1
ap 1317 1317 1
ap 1318 1318 1
ap 1319 1319 1
ap 1320 1320 1
ap 1321 1321 1
ap 1322 1322 1
ap 1323 1323 1
ap 1324 1324 1
ap 1325 1325 1
ap 1326 1326 1
ap 1327 1327 1
ap 1328 1328 1
ap 1329 1329 1
ap 1330 1330 1
ap 1331 1331 1
ap 1332 1332 1
ap 1333 1333 1
ap 1334 1334 1
ap 1335 1335 1
ap 1336 1336 1
ap 1337 1337 1
ap 1338 1338 1
ap 1339 1339 1
ap 1340 1340 1
ap 1341 1341 1
ap 1342 1342 1
ap 1343 1343 1
ap 1344 1344 1
ap 1345 1345 1
ap 1346 1346 1
ap 1347 1347 1
ap 1348 1348 1
ap 1349 1349 1
ap 1350 1350 1
ap 1351 1351 1
ap 1352 1352 1
ap 1353 1353 1
ap 1354 1354 1
ap 1355 1355 1
ap 1356 1356 1
ap 1357 1357 1
ap 1358 1358 1
ap 1359 1359 1
ap 1360 1360 1
ap 1361 1361 1
ap 1362 1362 1
ap 1363 1363 1
ap 1364 1364 1
ap 1365 1365 1
ap 1366 1366 1
ap 1367 1367 1
ap 1368 1368 1
ap 1369 1369 1
ap 1370 1370 1
ap 1371 1371 1
ap 1372 1372 1
ap 1373 1373 1
ap 1374 1374 1
ap 1375 1375 1
ap 1376 1376 1
ap 1377 1377 1
ap 1378 1378 1
ap 1379 1379 1
ap 1380 1380 1
ap 1381 1381 1
ap 1382 1382 1
ap 1383 1383 1
ap 1384 1384 1
ap 1385 1385 1
ap 1386 1386 1
ap 1387 1387 1
ap 1388 1388 1
ap 1389 1389 1
ap 1390 1390 1
ap 1391 1391 1
ap 1392 1392 1
ap 1393 1393 1
ap 1394 1394 1
ap 1395 1395 1
ap 1396 1396 1
ap 1397 1397 1
ap 1398 1398 1
ap 1399 1399 1
ap 1400 1400 1
ap 1401 1401 1
ap 1402 1402 1
ap 1403 1403 1
ap 1404 1404 1
ap 1405 1405 1
ap 1406 1406 1
ap 1407 1407 1
ap 1408 1408 1
ap 1409 1409 1
ap 1410 1410 1
ap 1411 1411 1
ap 1412 1412 1
ap 1413 1413 1
ap 1414 1414 1
ap 1415 1415 1
ap 1416 1416 1
ap 1417 1417 1
ap 1418 1418 1
ap 1419 1419 1
ap 1420 1420 1
ap 1421 1421 1
ap 1422 1422 1
ap 1423 1423 1
ap 1424 1424 1
ap 1425 1425 1
ap 1426 1426 1
ap 1427 1427 1
ap 1428 1428 1
ap 1429 1429 1
ap 1430 1430 1
ap 1431 1431 1
ap 1432 1432 1
ap 1433 1433 1
ap 1434 1434 1
ap 1435 1435 1
ap 1436 1436 1
ap 1437 1437 1
ap 1438 1438 1
ap 1439 1439 1
ap 1440 1440 1
ap 1441 1441 1
ap 1442 1442 1
ap 1443 1443 1
ap 1444 1444 1
ap 1445 1445 1
ap 1446 1446 1
ap 1447 1447 1
ap 1448 1448 1
ap 1449 1449 1
ap 1450 1450 1
ap 1451 1451 1
ap 1452 1452 1
ap 1453 1453 1
ap 1454 1454 1
ap 1455 1455 1
ap 1456 1456 1
ap 1457 1457 1
ap 1458 1458 1
ap 1459 1459 1
ap 1460 1460 1
ap 1461 1461 1
ap 1462 1462 1
ap 1463 1463 1
ap 1464 1464 1
ap 1465 1465 1
ap 1466 1466 1
ap 1467 1467 1
ap 1468 1468 1
ap 1469 1469 1
ap 1470 1470 1
ap 1471 1471 1
ap 1472 1472 1
ap 1473 1473 1
ap 1474 1474 1
ap 1475 1475 1
ap 1476 1476 1
ap 1477 1477 1
ap 1478 1478 1
ap 1479 1479 1
ap 1480 1480 1
ap 1481 1481 1
ap 1482 1482 1
ap 1483 1483 1
ap 1484 1484 1
ap 1485 1485 1
ap 1486 1486 1
ap 1487 1487 1
ap 1488 1488 1
ap 1489 1489 1
ap 1490 1490 1
ap 1491 1491 1
ap 1492 1492 1
ap 1493 1493 1
ap 1494 1494 1
ap 1495 1495 1
ap 1496 1496 1
ap 1497 1497 1
ap 1498 1498 1
ap 1499 1499 1
ap 1500 1500 1
ap 1501 1501 1
ap 1502 1502 1
ap 1503 1503 1
ap 1504 1504 1
ap 1505 1505 1
ap 1506 1506 1
ap 1507 1507 1
ap 1508 1508 1
ap 1509 1509 1
ap 1510 1510 1
ap 1511 1511 1
ap 1512 1512 1
ap 1513 1513 1
ap 1514 1514 1
ap 1515 1515 1
ap 1516 1516 1
ap 1517 1517 1
ap 1518 1518 1
ap 1519 1519 1
ap 1520 1520 1
ap 1521 1521 1
ap 1522 1522 1
ap 1523 1523 1
ap 1524 1524 1
ap 1525 1525 1
ap 1526 1526 1
ap 1527 1527 1
ap 1528 1528 1
ap 1529 1529 1
ap 1530 1530 1
ap 1531 1531 1
ap 1532 1532 1
ap 1533 1533 1
ap 1534 1534 1
ap 1535 1535 1
ap 1536 1536 1
ap 1537 1537 1
ap 1538 1538 1
ap 1539 1539 1
ap 1540 1540 1
ap 1541 1541 1
ap 1542 1542 1
ap 1543 1543 1
ap 1544 1544 1
ap 1545 1545 1
ap 1546 1546 1
ap 1547 1547 1
ap 1548 1548 1
ap 1549 1549 1
ap 1550 1550 1
ap 1551 1551 1
ap 1552 1552 1
ap 1553 1553 1
ap 1554 1554 1
ap 1555 1555 1
ap 1556 1556 1
ap 1557 1557 1
ap 1558 1558 1
ap 1559 1559 1
ap 1560 1560 1
ap 1561 1561 1
ap 1562 1562 1
ap 1563 1563 1
ap 1564 1564 1
ap 1565 1565 1
ap 1566 1566 1
ap 1567 1567 1
ap 1568 1568 1
ap 1569 1569 1
ap 1570 1570 1
ap 1571 1571 1
ap 1572 1572 1
ap 1573 1573 1
ap 1574 1574 1
ap 1575 1575 1
ap 1576 1576 1
ap 1577 1577 1
ap 1578 1578 1
ap 1579 1579 1
ap 1580 1580 1
ap 1581 1581 1
ap 1582 1582 1
ap 1583 1583 1
ap 1584 1584 1
ap 1585 1585 1
ap 1586 1586 1
ap 1587 1587 1
ap 1588 1588 1
ap 1589 1589 1
ap 1590 1590 1
ap 1591 1591 1
ap 1592 1592 1
ap 1593 1593 1
ap 1594 1594 1
ap 1595 1595 1
ap 1596 1596 1
ap 1597 1597 1
ap 1598 1598 1
ap 1599 1599 1
ap 1600 1600 1
ap 1601 1601 1
ap 1602 1602 1
ap 1603 1603 1
ap 1604 1604 1
ap 1605 1605 1
ap 1606 1606 1
ap 1607 1607 1
ap 1608 1608 1
ap 1609 1609 1
ap 1610 1610 1
ap 1611 1611 1
ap 1612 1612 1
ap 1613 1613 1
ap 1614 1614 1
ap 1615 1615 1
ap 1616 1616 1
ap 1617 1617 1
ap 1618 1618 1
ap 1619 1619 1
ap 1620 1620 1
ap 1621 1621 1
ap 1622 1622 1
ap 1623 1623 1
ap 1624 1624 1
ap 1625 1625 1
ap 1626 1626 1
ap 1627 1627 1
ap 1628 1628 1
ap 1629 1629 1
ap 1630 1630 1
ap 1631 1631 1
ap 1632 1632 1
ap 1633 1633 1
ap 1634 1634 1
ap 1635 1635 1
ap 1636 1636 1
ap 1637 1637 1
ap 1638 1638 1
ap 1639 1639 1
ap 1640 1640 1
ap 1641 1641 1
ap 1642 1642 1
ap 1643 1643 1
ap 1644 1644 1
ap 1645 1645 1
ap 1646 1646 1
ap 1647 1647 1
ap 1648 1648 1
ap 1649 1649 1
ap 1650 1650 1
ap 1651 1651 1
ap 1652 1652 1
ap 1653 1653 1
ap 1654 1654 1
ap 1655 1655 1
ap 1656 1656 1
ap 1657 1657 1
ap 1658 1658 1
ap 1659 1659 1
ap 1660 1660 1
ap 1661 1661 1
ap 1662 1662 1
ap 1663 1663 1
ap 1664 1664 1
ap 1665 1665 1
ap 1666 1666 1
ap 1667 1667 1
ap 1668 1668 1
ap 1669 1669 1
ap 1670 1670 1
ap 1671 1671 1
ap 1672 1672 1
ap 1673 1673 1
ap 1674 1674 1
ap 1675 1675 1
ap 1676 1676 1
ap 1677 1677 1
ap 1678 1678 1
ap 1679 1679 1
ap 1680 1680 1
ap 1681 1681 1
ap 1682 1682 1
ap 1683 1683 1
ap 1684 1684 1
ap 1685 1685 1
ap 1686 1686 1
ap 1687 1687 1
ap 1688 1688 1
ap 1689 1689 1
ap 1690 1690 1
ap 1691 1691 1
ap 1692 1692 1
ap 1693 1693 1
ap 1694 1694 1
ap 1695 1695 1
ap 1696 1696 1
ap 1697 1697 1
ap 1698 1698 1
ap 1699 1699 1
ap 1700 1700 1
ap 1701 1701 1
ap 1702 1702 1
ap 1703 1703 1
ap 1704 1704 1
ap 1705 1705 1
ap 1706 1706 1
ap 1707 1707 1
ap 1708 1708 1
ap 1709 1709 1
ap 1710 1710 1
ap 1711 1711 1
ap 1712 1712 1
ap 1713 1713 1
ap 1714 1714 1
ap 1715 1715 1
ap 1716 1716 1
ap 1717 1717 1
ap 1718 1718 1
ap 1719 1719 1
ap 1720 1720 1
ap 1721 1721 1
ap 1722 1722 1
ap 1723 1723 1
ap 1724 1724 1
ap 1725 1725 1
ap 1726 1726 1
ap 1727 1727 1
ap 1728 1728 1
ap 1729 1729 1
ap 1730 1730 1
ap 1731 1731 1
ap 1732 1732 1
ap 1733 1733 1
ap 1734 1734 1
ap 1735 1735 1
ap 1736 1736 1
ap 1737 1737 1
ap 1738 1738 1
ap 1739 1739 1
ap 1740 1740 1
ap 1741 1741 1
ap 1742 1742 1
ap 1743 1743 1
ap 1744 1744 1
ap 1745 1745 1
ap 1746 1746 1
ap 1747 1747 1
ap 1748 1748 1
ap 1749 1749 1
ap 1750 1750 1
ap 1751 1751 1
ap 1752 1752 1
ap 1753 1753 1
ap 1754 1754 1
ap 1755 1755 1
ap 1756 1756 1
ap 1757 1757 1
ap 1758 1758 1
ap 1759 1759 1
ap 1760 1760 1
ap 1761 1761 1
ap 1762 1762 1
ap 1763 1763 1
ap 1764 1764 1
ap 1765 1765 1
ap 1766 1766 1
ap 1767 1767 1
ap 1768 1768 1
ap 1769 1769 1
ap 1770 1770 1
ap 1771 1771 1
ap 1772 1772 1
ap 1773 1773 1
ap 1774 1774 1
ap 1775 1775 1
ap 1776 1776 1
ap 1777 1777 1
ap 1778 1778 1
ap 1779 1779 1
ap 1780 1780 1
ap 1781 1781 1
ap 1782 1782 1
ap 1783 1783 1
ap 1784 1784 1
ap 1785 1785 1
ap 1786 1786 1
ap 1787 1787 1
ap 1788 1788 1
ap 1789 1789 1
ap 1790 1790 1
ap 1791 1791 1
ap 1792 1792 1
ap 1793 1793 1
ap 1794 1794 1
ap 1795 1795 1
ap 1796 1796 1
ap 1797 1797 1
ap 1798 1798 1
ap 1799 1799 1
ap 1800 1800 1
ap 1801 1801 1
ap 1802 1802 1
ap 1803 1803 1
ap 1804 1804 1
ap 1805 1805 1
ap 1806 1806 1
ap 1807 1807 1
ap 1808 1808 1
ap 1809 1809 1
ap 1810 1810 1
ap 1811 1811 1
ap 1812 1812 1
ap 1813 1813 1
ap 1814 1814 1
ap 1815 1815 1
ap 1816 1816 1
ap 1817 1817 1
ap 1818 1818 1
ap 1819 1819 1
ap 1820 1820 1
ap 1821 1821 1
ap 1822 1822 1
ap 1823 1823 1
ap 1824 1824 1
ap 1825 1825 1
ap 1826 1826 1
ap 1827 1827 1
ap 1828 1828 1
ap 1829 1829 1
ap 1830 1830 1
ap 1831 1831 1
ap 1832 1832 1
ap 1833 1833 1
ap 1834 1834 1
ap 1835 1835 1
ap 1836 1836 1
ap 1837 1837 1
ap 1838 1838 1
ap 1839 1839 1
ap 1840 1840 1
ap 1841 1841 1
ap 1842 1842 1
ap 1843 1843 1
ap 1844 1844 1
ap 1845 1845 1
ap 1846 1846 1
ap 1847 1847 1
ap 1848 1848 1
ap 1849 1849 1
ap 1850 1850 1
ap 1851 1851 1
ap 1852 1852 1
ap 1853 1853 1
ap 1854 1854 1
ap 1855 1855 1
ap 1856 1856 1
ap 1857 1857 1
ap 1858 1858 1
ap 1859 1859 1
ap 1860 1860 1
ap 1861 1861 1
ap 1862 1862 1
ap 1863 1863 1
ap 1864 1864 1
ap 1865 1865 1
ap 1866 1866 1
ap 1867 1867 1
ap 1868 1868 1
ap 1869 1869 1
ap 1870 1870 1
ap 1871 1871 1
ap 1872 1872 1
ap 1873 1873 1
ap 1874 1874 1
ap 1875 1875 1
ap 1876 1876 1
ap 1877 1877 1
ap 1878 1878 1
ap 1879 1879 1
ap 1880 1880 1
ap 1881 1881 1
ap 1882 1882 1
ap 1883 1883 1
ap 1884 1884 1
ap 1885 1885 1
ap 1886 1886 1
ap 1887 1887 1
ap 1888 1888 1
ap 1889 1889 1
ap 1890 1890 1
ap 1891 1891 1
ap 1892 1892 1
ap 1893 1893 1
ap 1894 1894 1
ap 1895 1895 1
ap 1896 1896 1
ap 1897 1897 1
ap 1898 1898 1
ap 1899 1899 1
ap 1900 1900 1
ap 1901 1901 1
ap 1902 1902 1
ap 1903 1903 1
ap 1904 1904 1
ap 1905 1905 1
ap 1906 1906 1
ap 1907 1907 1
ap 1908 1908 1
ap 1909 1909 1
ap 1910 1910 1
ap 1911 1911 1
ap 1912 1912 1
ap 1913 1913 1
ap 1914 1914 1
ap 1915 1915 1
ap 1916 1916 1
ap 1917 1917 1
ap 1918 1918 1
ap 1919 1919 1
ap 1920 1920 1
ap 1921 1921 1
ap 1922 1922 1
ap 1923 1923 1
ap 1924 1924 1
ap 1925 1925 1
ap 1926 1926 1
ap 1927 1927 1
ap 1928 1928 1
ap 1929 1929 1
ap 1930 1930 1
ap 1931 1931 1
ap 1932 1932 1
ap 1933 1933 1
ap 1934 1934 1
ap 1935 1935 1
ap 1936 1936 1
ap 1937 1937 1
ap 1938 1938 1
ap 1939 1939 1
ap 1940 1940 1
ap 1941 1941 1
ap 1942 1942 1
ap 1943 1943 1
ap 1944 1944 1
ap 1945 1945 1
ap 1946 1946 1
ap 1947 1947 1
ap 1948 1948 1
ap 1949 1949 1
ap 1950 1950 1
ap 1951 1951 1
ap 1952 1952 1
ap 1953 1953 1
ap 1954 1954 1
ap 1955 1955 1
ap 1956 1956 1
ap 1957 1957 1
ap 1958 1958 1
ap 1959 1959 1
ap 1960 1960 1
ap 1961 1961 1
ap 1962 1962 1
ap 1963 1963 1
ap 1964 1964 1
ap 1965 1965 1
ap 1966 1966 1
ap 1967 1967 1
ap 1968 1968 1
ap 1969 1969 1
ap 1970 1970 1
ap 1971 1971 1
ap 1972 1972 1
ap 1973 1973 1
ap 1974 1974 1
ap 1975 1975 1
ap 1976 1976 1
ap 1977 1977 1
ap 1978 1978 1
ap 1979 1979 1
ap 1980 1980 1
ap 1981 1981 1
ap 1982 1982 1
ap 1983 1983 1
ap 1984 1984 1
ap 1985 1985 1
ap 1986 1986 1
ap 1987 1987 1
ap 1988 1988 1
ap 1989 1989 1
ap 1990 1990 1
ap 1991 1991 1
ap 1992 1992 1
ap 1993 1993 1
ap 1994 1994 1
ap 1995 1995 1
ap 1996 1996 1
ap 1997 1997 1
ap 1998 1998 1
ap 1999 1999 1
ap 2000 2000 1
ap 2001 2001 1
ap 2002 2002 1
ap 2003 2003 1
ap 2004 2004 1
ap 2005 2005 1
ap 2006 2006 1
ap 2007 2007 1
ap 2008 2008 1
ap 2009 2009 1
ap 2010 2010 1
ap 2011 2011 1
ap 2012 2012 1
ap 2013 2013 1
ap 2014 2014 1
ap 2015 2015 1
ap 2016 2016 1
ap 2017 2017 1
ap 2018 2018 1
ap 2019 2019 1
ap 2020 2020 1
ap 2021 2021 1
ap 2022 2022 1
ap 2023 2023 1
ap 2024 2024 1
ap 2025 2025 1
ap 2026 2026 1
ap 2027 2027 1
ap 2028 2028 1
ap 2029 2029 1
ap 2030 2030 1
ap 2031 2031 1
ap 2032 2032 1
ap 2033 2033 1
ap 2034 2034 1
ap 2035 2035 1
ap 2036 2036 1
ap 2037 2037 1
ap 2038 2038 1
ap 2039 2039 1
ap 2040 2040 1
ap 2041 2041 1
ap 2042 2042 1
ap 2043 2043 1
ap 2044 2044 1
ap 2045 2045 1
ap 2046 2046 1
ap 2047 2047 1
ap 2048 2048 1
ap 2049 2049 1
ap 2050 2050 1
ap 2051 2051 1
ap 2052 2052 1
ap 2053 2053 1
ap 2054 2054 1
ap 2055 2055 1
ap 2056 2056 1
ap 2057 2057 1
ap 2058 2058 1
ap 2059 2059 1
ap 2060 2060 1
ap 2061 2061 1
ap 2062 2062 1
ap 2063 2063 1
ap 2064 2064 1
ap 2065 2065 1
ap 2066 2066 1
ap 2067 2067 1
ap 2068 2068 1
ap 2069 2069 1
ap 2070 2070 1
ap 2071 2071 1
ap 2072 2072 1
ap 2073 2073 1
ap 2074 2074 1
ap 2075 2075 1
ap 2076 2076 1
ap 2077 2077 1
ap 2078 2078 1
ap 2079 2079 1
ap 2080 2080 1
ap 2081 2081 1
ap 2082 2082 1
ap 2083 2083 1
ap 2084 2084 1
ap 2085 2085 1
ap 2086 2086 1
ap 2087 2087 1
ap 2088 2088 1
ap 2089 2089 1
ap 2090 2090 1
ap 2091 2091 1
ap 2092 2092 1
ap 2093 2093 1
ap 2094 2094 1
ap 2095 2095 1
ap 2096 2096 1
ap 2097 2097 1
ap 2098 2098 1
ap 2099 2099 1
ap 2100 2100 1
ap 2101 2101 1
ap 2102 2102 1
ap 2103 2103 1
ap 2104 2104 1
ap 2105 2105 1
ap 2106 2106 1
ap 2107 2107 1
ap 2108 2108 1
ap 2109 2109 1
ap 2110 2110 1
ap 2111 2111 1
ap 2112 2112 1
ap 2113 2113 1
ap 2114 2114 1
ap 2115 2115 1
ap 2116 2116 1
ap 2117 2117 1
ap 2118 2118 1
ap 2119 2119 1
ap 2120 2120 1
ap 2121 2121 1
ap 2122 2122 1
ap 2123 2123 1
ap 2124 2124 1
ap 2125 2125 1
ap 2126 2126 1
ap 2127 2127 1
ap 2128 2128 1
ap 2129 2129 1
ap 2130 2130 1
ap 2131 2131 1
ap 2132 2132 1
ap 2133 2133 1
ap 2134 2134 1
ap 2135 2135 1
ap 2136 2136 1
ap 2137 2137 1
ap 2138 2138 1
ap 2139 2139 1
ap 2140 2140 1
ap 2141 2141 1
ap 2142 2142 1
ap 2143 2143 1
ap 2144 2144 1
ap 2145 2145 1
ap 2146 2146 1
ap 2147 2147 1
ap 2148 2148 1
ap 2149 2149 1
ap 2150 2150 1
ap 2151 2151 1
ap 2152 2152 1
ap 2153 2153 1
ap 2154 2154 1
ap 2155 2155 1
ap 2156 2156 1
ap 2157 2157 1
ap 2158 2158 1
ap 2159 2159 1
ap 2160 2160 1
ap 2161 2161 1
ap 2162 2162 1
ap 2163 2163 1
ap 2164 2164 1
ap 2165 2165 1
ap 2166 2166 1
ap 2167 2167 1
ap 2168 2168 1
ap 2169 2169 1
ap 2170 2170 1
ap 2171 2171 1
ap 2172 2172 1
ap 2173 2173 1
ap 2174 2174 1
ap 2175 2175 1
ap 2176 2176 1
ap 2177 2177 1
ap 2178 2178 1
ap 2179 2179 1
ap 2180 2180 1
ap 2181 2181 1
ap 2182 2182 1
ap 2183 2183 1
ap 2184 2184 1
ap 2185 2185 1
ap 2186 2186 1
ap 2187 2187 1
ap 2188 2188 1
ap 2189 2189 1
ap 2190 2190 1
ap 2191 2191 1
ap 2192 2192 1
ap 2193 2193 1
ap 2194 2194 1
ap 2195 2195 1
ap 2196 2196 1
ap 2197 2197 1
ap 2198 2198 1
ap 2199 2199 1
ap 2200 2200 1
ap 2201 2201 1
ap 2202 2202 1
ap 2203 2203 1
ap 2204 2204 1
ap 2205 2205 1
ap 2206 2206 1
ap 2207 2207 1
ap 2208 2208 1
ap 2209 2209 1
ap 2210 2210 1
ap 2211 2211 1
ap 2212 2212 1
ap 2213 2213 1
ap 2214 2214 1
ap 2215 2215 1
ap 2216 2216 1
ap 2217 2217 1
ap 2218 2218 1
ap 2219 2219 1
ap 2220 2220 1
ap 2221 2221 1
ap 2222 2222 1
ap 2223 2223 1
ap 2224 2224 1
ap 2225 2225 1
ap 2226 2226 1
ap 2227 2227 1
ap 2228 2228 1
ap 2229 2229 1
ap 2230 2230 1
ap 2231 2231 1
ap 2232 2232 1
ap 2233 2233 1
ap 2234 2234 1
ap 2235 2235 1
ap 2236 2236 1
ap 2237 2237 1
ap 2238 2238 1
ap 2239 2239 1
ap 2240 2240 1
ap 2241 2241 1
ap 2242 2242 1
ap 2243 2243 1
ap 2244 2244 1
ap 2245 2245 1
ap 2246 2246 1
ap 2247 2247 1
ap 2248 2248 1
ap 2249 2249 1
ap 2250 2250 1
ap 2251 2251 1
ap 2252 2252 1
ap 2253 2253 1
ap 2254 2254 1
ap 2255 2255 1
ap 2256 2256 1
ap 2257 2257 1
ap 2258 2258 1
ap 2259 2259 1
ap 2260 2260 1
ap 2261 2261 1
ap 2262 2262 1
ap 2263 2263 1
ap 2264 2264 1
ap 2265 2265 1
ap 2266 2266 1
ap 2267 2267 1
ap 2268 2268 1
ap 2269 2269 1
ap 2270 2270 1
ap 2271 2271 1
ap 2272 2272 1
ap 2273 2273 1
ap 2274 2274 1
ap 2275 2275 1
ap 2276 2276 1
ap 2277 2277 1
ap 2278 2278 1
ap 2279 2279 1
ap 2280 2280 1
ap 2281 2281 1
ap 2282 2282 1
ap 2283 2283 1
ap 2284 2284 1
ap 2285 2285 1
ap 2286 2286 1
ap 2287 2287 1
ap 2288 2288 1
ap 2289 2289 1
ap 2290 2290 1
ap 2291 2291 1
ap 2292 2292 1
ap 2293 2293 1
ap 2294 2294 1
ap 2295 2295 1
ap 2296 2296 1
ap 2297 2297 1
ap 2298 2298 1
ap 2299 2299 1
ap 2300 2300 1
ap 2301 2301 1
ap 2302 2302 1
ap 2303 2303 1
ap 2304 2304 1
ap 2305 2305 1
ap 2306 2306 1
ap 2307 2307 1
ap 2308 2308 1
ap 2309 2309 1
ap 2310 2310 1
ap 2311 2311 1
ap 2312 2312 1
ap 2313 2313 1
ap 2314 2314 1
ap 2315 2315 1
ap 2316 2316 1
ap 2317 2317 1
ap 2318 2318 1
ap 2319 2319 1
ap 2320 2320 1
ap 2321 2321 1
ap 2322 2322 1
ap 2323 2323 1
ap 2324 2324 1
ap 2325 2325 1
ap 2326 2326 1
ap 2327 2327 1
ap 2328 2328 1
ap 2329 2329 1
ap 2330 2330 1
ap 2331 2331 1
ap 2332 2332 1
ap 2333 2333 1
ap 2334 2334 1
ap 2335 2335 1
ap 2336 2336 1
ap 2337 2337 1
ap 2338 2338 1
ap 2339 2339 1
ap 2340 2340 1
ap 2341 2341 1
ap 2342 2342 1
ap 2343 2343 1
ap 2344 2344 1
ap 2345 2345 1
ap 2346 2346 1
ap 2347 2347 1
ap 2348 2348 1
ap 2349 2349 1
ap 2350 2350 1
ap 2351 2351 1
ap 2352 2352 1
ap 2353 2353 1
ap 2354 2354 1
ap 2355 2355 1
ap 2356 2356 1
ap 2357 2357 1
ap 2358 2358 1
ap 2359 2359 1
ap 2360 2360 1
ap 2361 2361 1
ap 2362 2362 1
ap 2363 2363 1
ap 2364 2364 1
ap 2365 2365 1
ap 2366 2366 1
ap 2367 2367 1
ap 2368 2368 1
ap 2369 2369 1
ap 2370 2370 1
ap 2371 2371 1
ap 2372 2372 1
ap 2373 2373 1
ap 2374 2374 1
ap 2375 2375 1
ap 2376 2376 1
ap 2377 2377 1
ap 2378 2378 1
ap 2379 2379 1
ap 2380 2380 1
ap 2381 2381 1
ap 2382 2382 1
ap 2383 2383 1
ap 2384 2384 1
ap 2385 2385 1
ap 2386 2386 1
ap 2387 2387 1
ap 2388 2388 1
ap 2389 2389 1
ap 2390 2390 1
ap 2391 2391 1
ap 2392 2392 1
ap 2393 2393 1
ap 2394 2394 1
ap 2395 2395 1
ap 2396 2396 1
ap 2397 2397 1
ap 2398 2398 1
ap 2399 2399 1
ap 2400 2400 1
ap 2401 2401 1
ap 2402 2402 1
ap 2403 2403 1
ap 2404 2404 1
ap 2405 2405 1
ap 2406 2406 1
ap 2407 2407 1
ap 2408 2408 1
ap 2409 2409 1
ap 2410 2410 1
ap 2411 2411 1
ap 2412 2412 1
ap 2413 2413 1
ap 2414 2414 1
ap 2415 2415 1
ap 2416 2416 1
ap 2417 2417 1
ap 2418 2418 1
ap 2419 2419 1
ap 2420 2420 1
ap 2421 2421 1
ap 2422 2422 1
ap 2423 2423 1
ap 2424 2424 1
ap 2425 2425 1
ap 2426 2426 1
ap 2427 2427 1
ap 2428 2428 1
ap 2429 2429 1
ap 2430 2430 1
ap 2431 2431 1
ap 2432 2432 1
ap 2433 2433 1
ap 2434 2434 1
ap 2435 2435 1
ap 2436 2436 1
ap 2437 2437 1
ap 2438 2438 1
ap 2439 2439 1
ap 2440 2440 1
ap 2441 2441 1
ap 2442 2442 1
ap 2443 2443 1
ap 2444 2444 1
ap 2445 2445 1
ap 2446 2446 1
ap 2447 2447 1
ap 2448 2448 1
ap 2449 2449 1
ap 2450 2450 1
ap 2451 2451 1
ap 2452 2452 1
ap 2453 2453 1
ap 2454 2454 1
ap 2455 2455 1
ap 2456 2456 1
ap 2457 2457 1
ap 2458 2458 1
ap 2459 2459 1
ap 2460 2460 1
ap 2461 2461 1
ap 2462 2462 1
ap 2463 2463 1
ap 2464 2464 1
ap 2465 2465 1
ap 2466 2466 1
ap 2467 2467 1
ap 2468 2468 1
ap 2469 2469 1
ap 2470 2470 1
ap 2471 2471 1
ap 2472 2472 1
ap 2473 2473 1
ap 2474 2474 1
ap 2475 2475 1
ap 2476 2476 1
ap 2477 2477 1
ap 2478 2478 1
ap 2479 2479 1
ap 2480 2480 1
ap 2481 2481 1
ap 2482 2482 1
ap 2483 2483 1
ap 2484 2484 1
ap 2485 2485 1
ap 2486 2486 1
ap 2487 2487 1
ap 2488 2488 1
ap 2489 2489 1
ap 2490 2490 1
ap 2491 2491 1
ap 2492 2492 1
ap 2493 2493 1
ap 2494 2494 1
ap 2495 2495 1
ap 2496 2496 1
ap 2497 2497 1
ap 2498 2498 1
ap 2499 2499 1
ap 2500 2500 1
ag 1
atg 1 1
atg 2 1
atg 3 1
atg 4 1
atg 5 1
atg 6 1
atg 7 1
atg 8 1
atg 9 1
atg 10 1
atg 11 1
atg 12 1
atg 13 1
atg 14 1
atg 15 1
atg 16 1
atg 17 1
atg 18 1
atg 19 1
atg 20 1
atg 21 1
atg 22 1
atg 23 1
atg 24 1
atg 25 1
atg 26 1
atg 27 1
atg 28 1
atg 29 1
atg 30 1
atg 31 1
atg 32 1
atg 33 1
atg 34 1
atg 35 1
atg 36 1
atg 37 1
atg 38 1
atg 39 1
atg 40 1
atg 41 1
atg 42 1
atg 43 1
atg 44 1
atg 45 1
atg 46 1
atg 47 1
atg 48 1
atg 49 1
atg 50 1
atg 51 1
atg 52 1
atg 53 1
atg 54 1
atg 55 1
atg 56 1
atg 57 1
atg 58 1
atg 59 1
atg 60 1
atg 61 1
atg 62 1
atg 63 1
atg 64 1
atg 65 1
atg 66 1
atg 67 1
atg 68 1
atg 69 1
atg 70 1
atg 71 1
atg 72 1
atg 73 1
atg 74 1
atg 75 1
atg 76 1
atg 77 1
atg 78 1
atg 79 1
atg 80 1
atg 81 1
atg 82 1
atg 83 1
atg 84 1
atg 85 1
atg 86 1
atg 87 1
atg 88 1
atg 89 1
atg 90 1
atg 91 1
atg 92 1
atg 93 1
atg 94 1
atg 95 1
atg 96 1
atg 97 1
atg 98 1
atg 99 1
atg 100 1
atg 101 1
atg 102 1
atg 103 1
atg 104 1
atg 105 1
atg 106 1
atg 107 1
atg 108 1
atg 109 1
atg 110 1
atg 111 1
atg 112 1
atg 113 1
atg 114 1
atg 115 1
atg 116 1
atg 117 1
atg 118 1
atg 119 1
atg 120 1
atg 121 1
atg 122 1
atg 123 1
atg 124 1
atg 125 1
atg 126 1
atg 127 1
atg 128 1
atg 129 1
atg 130 1
atg 131 1
atg 132 1
atg 133 1
atg 134 1
atg 135 1
atg 136 1
atg 137 1
atg 138 1
atg 139 1
atg 140 1
atg 141 1
atg 142 1
atg 143 1
atg 144 1
atg 145 1
atg 146 1
atg 147 1
atg 148 1
atg 149 1
atg 150 1
atg 151 1
atg 152 1
atg 153 1
atg 154 1
atg 155 1
atg 156 1
atg 157 1
atg 158 1
atg 159 1
atg 160 1
atg 161 1
atg 162 1
atg 163 1
atg 164 1
atg 165 1
atg 166 1
atg 167 1
atg 168 1
atg 169 1
atg 170 1
atg 171 1
atg 172 1
atg 173 1
atg 174 1
atg 175 1
atg 176 1
atg 177 1
atg 178 1
atg 179 1
atg 180 1
atg 181 1
atg 182 1
atg 183 1
atg 184 1
atg 185 1
atg 186 1
atg 187 1
atg 188 1
atg 189 1
atg 190 1
atg 191 1
atg 192 1
atg 193 1
atg 194 1
atg 195 1
atg 196 1
atg 197 1
atg 198 1
atg 199 1
atg 200 1
atg 201 1
atg 202 1
atg 203 1
atg 204 1
atg 205 1
atg 206 1
atg 207 1
atg 208 1
atg 209 1
atg 210 1
atg 211 1
atg 212 1
atg 213 1
atg 214 1
atg 215 1
atg 216 1
atg 217 1
atg 218 1
atg 219 1
atg 220 1
atg 221 1
atg 222 1
atg 223 1
atg 224 1
atg 225 1
atg 226 1
atg 227 1
atg 228 1
atg 229 1
atg 230 1
atg 231 1
atg 232 1
atg 233 1
atg 234 1
atg 235 1
atg 236 1
atg 237 1
atg 238 1
atg 239 1
atg 240 1
atg 241 1
atg 242 1
atg 243 1
atg 244 1
atg 245 1
atg 246 1
atg 247 1
atg 248 1
atg 249 1
atg 250 1
atg 251 1
atg 252 1
atg 253 1
atg 254 1
atg 255 1
atg 256 1
atg 257 1
atg 258 1
atg 259 1
atg 260 1
atg 261 1
atg 262 1
atg 263 1
atg 264 1
atg 265 1
atg 266 1
atg 267 1
atg 268 1
atg 269 1
atg 270 1
atg 271 1
atg 272 1
atg 273 1
atg 274 1
atg 275 1
atg 276 1
atg 277 1
atg 278 1
atg 279 1
atg 280 1
atg 281 1
atg 282 1
atg 283 1
atg 284 1
atg 285 1
atg 286 1
atg 287 1
atg 288 1
atg 289 1
atg 290 1
atg 291 1
atg 292 1
atg 293 1
atg 294 1
atg 295 1
atg 296 1
atg 297 1
atg 298 1
atg 299 1
atg 300 1
atg 301 1
atg 302 1
atg 303 1
atg 304 1
atg 305 1
atg 306 1
atg 307 1
atg 308 1
atg 309 1
atg 310 1
atg 311 1
atg 312 1
atg 313 1
atg 314 1
atg 315 1
atg 316 1
atg 317 1
atg 318 1
atg 319 1
atg 320 1
atg 321 1
atg 322 1
atg 323 1
atg 324 1
atg 325 1
atg 326 1
atg 327 1
atg 328 1
atg 329 1
atg 330 1
atg 331 1
atg 332 1
atg 333 1
atg 334 1
atg 335 1
atg 336 1
atg 337 1
atg 338 1
atg 339 1
atg 340 1
atg 341 1
atg 342 1
atg 343 1
atg 344 1
atg 345 1
atg 346 1
atg 347 1
atg 348 1
atg 349 1
atg 350 1
atg 351 1
atg 352 1
atg 353 1
atg 354 1
atg 355 1
atg 356 1
atg 357 1
atg 358 1
atg 359 1
atg 360 1
atg 361 1
atg 362 1
atg 363 1
atg 364 1
atg 365 1
atg 366 1
atg 367 1
atg 368 1
atg 369 1
atg 370 1
atg 371 1
atg 372 1
atg 373 1
atg 374 1
atg 375 1
atg 376 1
atg 377 1
atg 378 1
atg 379 1
atg 380 1
atg 381 1
atg 382 1
atg 383 1
atg 384 1
atg 385 1
atg 386 1
atg 387 1
atg 388 1
atg 389 1
atg 390 1
atg 391 1
atg 392 1
atg 393 1
atg 394 1
atg 395 1
atg 396 1
atg 397 1
atg 398 1
atg 399 1
atg 400 1
atg 401 1
atg 402 1
atg 403 1
atg 404 1
atg 405 1
atg 406 1
atg 407 1
atg 408 1
atg 409 1
atg 410 1
atg 411 1
atg 412 1
atg 413 1
atg 414 1
atg 415 1
atg 416 1
atg 417 1
atg 418 1
atg 419 1
atg 420 1
atg 421 1
atg 422 1
atg 423 1
atg 424 1
atg 425 1
atg 426 1
atg 427 1
atg 428 1
atg 429 1
atg 430 1
atg 431 1
atg 432 1
atg 433 1
atg 434 1
atg 435 1
atg 436 1
atg 437 1
atg 438 1
atg 439 1
atg 440 1
atg 441 1
atg 442 1
atg 443 1
atg 444 1
atg 445 1
atg 446 1
atg 447 1
atg 448 1
atg 449 1
atg 450 1
atg 451 1
atg 452 1
atg 453 1
atg 454 1
atg 455 1
atg 456 1
atg 457 1
atg 458 1
atg 459 1
atg 460 1
atg 461 1
atg 462 1
atg 463 1
atg 464 1
atg 465 1
atg 466 1
atg 467 1
atg 468 1
atg 469 1
atg 470 1
atg 471 1
atg 472 1
atg 473 1
atg 474 1
atg 475 1
atg 476 1
atg 477 1
atg 478 1
atg 479 1
atg 480 1
atg 481 1
atg 482 1
atg 483 1
atg 484 1
atg 485 1
atg 486 1
atg 487 1
atg 488 1
atg 489 1
atg 490 1
atg 491 1
atg 492 1
atg 493 1
atg 494 1
atg 495 1
atg 496 1
atg 497 1
atg 498 1
atg 499 1
atg 500 1
atg 501 1
atg 502 1
atg 503 1
atg 504 1
atg 505 1
atg 506 1
atg 507 1
atg 508 1
atg 509 1
atg 510 1
atg 511 1
atg 512 1
atg 513 1
atg 514 1
atg 515 1
atg 516 1
atg 517 1
atg 518 1
atg 519 1
atg 520 1
atg 521 1
atg 522 1
atg 523 1
atg 524 1
atg 525 1
atg 526 1
atg 527 1
atg 528 1
atg 529 1
atg 530 1
atg 531 1
atg 532 1
atg 533 1
atg 534 1
atg 535 1
atg 536 1
atg 537 1
atg 538 1
atg 539 1
atg 540 1
atg 541 1
atg 542 1
atg 543 1
atg 544 1
atg 545 1
atg 546 1
atg 547 1
atg 548 1
atg 549 1
atg 550 1
atg 551 1
atg 552 1
atg 553 1
atg 554 1
atg 555 1
atg 556 1
atg 557 1
atg 558 1
atg 559 1
atg 560 1
atg 561 1
atg 562 1
atg 563 1
atg 564 1
atg 565 1
atg 566 1
atg 567 1
atg 568 1
atg 569 1
atg 570 1
atg 571 1
atg 572 1
atg 573 1
atg 574 1
atg 575 1
atg 576 1
atg 577 1
atg 578 1
atg 579 1
atg 580 1
atg 581 1
atg 582 1
atg 583 1
atg 584 1
atg 585 1
atg 586 1
atg 587 1
atg 588 1
atg 589 1
atg 590 1
atg 591 1
atg 592 1
atg 593 1
atg 594 1
atg 595 1
atg 596 1
atg 597 1
atg 598 1
atg 599 1
atg 600 1
atg 601 1
atg 602 1
atg 603 1
atg 604 1
atg 605 1
atg 606 1
atg 607 1
atg 608 1
atg 609 1
atg 610 1
atg 611 1
atg 612 1
atg 613 1
atg 614 1
atg 615 1
atg 616 1
atg 617 1
atg 618 1
atg 619 1
atg 620 1
atg 621 1
atg 622 1
atg 623 1
atg 624 1
atg 625 1
atg 626 1
atg 627 1
atg 628 1
atg 629 1
atg 630 1
atg 631 1
atg 632 1
atg 633 1
atg 634 1
atg 635 1
atg 636 1
atg 637 1
atg 638 1
atg 639 1
atg 640 1
atg 641 1
atg 642 1
atg 643 1
atg 644 1
atg 645 1
atg 646 1
atg 647 1
atg 648 1
atg 649 1
atg 650 1
atg 651 1
atg 652 1
atg 653 1
atg 654 1
atg 655 1
atg 656 1
atg 657 1
atg 658 1
atg 659 1
atg 660 1
atg 661 1
atg 662 1
atg 663 1
atg 664 1
atg 665 1
atg 666 1
atg 667 1
atg 668 1
atg 669 1
atg 670 1
atg 671 1
atg 672 1
atg 673 1
atg 674 1
atg 675 1
atg 676 1
atg 677 1
atg 678 1
atg 679 1
atg 680 1
atg 681 1
atg 682 1
atg 683 1
atg 684 1
atg 685 1
atg 686 1
atg 687 1
atg 688 1
atg 689 1
atg 690 1
atg 691 1
atg 692 1
atg 693 1
atg 694 1
atg 695 1
atg 696 1
atg 697 1
atg 698 1
atg 699 1
atg 700 1
atg 701 1
atg 702 1
atg 703 1
atg 704 1
atg 705 1
atg 706 1
atg 707 1
atg 708 1
atg 709 1
atg 710 1
atg 711 1
atg 712 1
atg 713 1
atg 714 1
atg 715 1
atg 716 1
atg 717 1
atg 718 1
atg 719 1
atg 720 1
atg 721 1
atg 722 1
atg 723 1
atg 724 1
atg 725 1
atg 726 1
atg 727 1
atg 728 1
atg 729 1
atg 730 1
atg 731 1
atg 732 1
atg 733 1
atg 734 1
atg 735 1
atg 736 1
atg 737 1
atg 738 1
atg 739 1
atg 740 1
atg 741 1
atg 742 1
atg 743 1
atg 744 1
atg 745 1
atg 746 1
atg 747 1
atg 748 1
atg 749 1
atg 750 1
atg 751 1
atg 752 1
atg 753 1
atg 754 1
atg 755 1
atg 756 1
atg 757 1
atg 758 1
atg 759 1
atg 760 1
atg 761 1
atg 762 1
atg 763 1
atg 764 1
atg 765 1
atg 766 1
atg 767 1
atg 768 1
atg 769 1
atg 770 1
atg 771 1
atg 772 1
atg 773 1
atg 774 1
atg 775 1
atg 776 1
atg 777 1
atg 778 1
atg 779 1
atg 780 1
atg 781 1
atg 782 1
atg 783 1
atg 784 1
atg 785 1
atg 786 1
atg 787 1
atg 788 1
atg 789 1
atg 790 1
atg 791 1
atg 792 1
atg 793 1
atg 794 1
atg 795 1
atg 796 1
atg 797 1
atg 798 1
atg 799 1
atg 800 1
atg 801 1
atg 802 1
atg 803 1
atg 804 1
atg 805 1
atg 806 1
atg 807 1
atg 808 1
atg 809 1
atg 810 1
atg 811 1
atg 812 1
atg 813 1
atg 814 1
atg 815 1
atg 816 1
atg 817 1
atg 818 1
atg 819 1
atg 820 1
atg 821 1
atg 822 1
atg 823 1
atg 824 1
atg 825 1
atg 826 1
atg 827 1
atg 828 1
atg 829 1
atg 830 1
atg 831 1
atg 832 1
atg 833 1
atg 834 1
atg 835 1
atg 836 1
atg 837 1
atg 838 1
atg 839 1
atg 840 1
atg 841 1
atg 842 1
atg 843 1
atg 844 1
atg 845 1
atg 846 1
atg 847 1
atg 848 1
atg 849 1
atg 850 1
atg 851 1
atg 852 1
atg 853 1
atg 854 1
atg 855 1
atg 856 1
atg 857 1
atg 858 1
atg 859 1
atg 860 1
atg 861 1
atg 862 1
atg 863 1
atg 864 1
atg 865 1
atg 866 1
atg 867 1
atg 868 1
atg 869 1
atg 870 1
atg 871 1
atg 872 1
atg 873 1
atg 874 1
atg 875 1
atg 876 1
atg 877 1
atg 878 1
atg 879 1
atg 880 1
atg 881 1
atg 882 1
atg 883 1
atg 884 1
atg 885 1
atg 886 1
atg 887 1
atg 888 1
atg 889 1
atg 890 1
atg 891 1
atg 892 1
atg 893 1
atg 894 1
atg 895 1
atg 896 1
atg 897 1
atg 898 1
atg 899 1
atg 900 1
atg 901 1
atg 902 1
atg 903 1
atg 904 1
atg 905 1
atg 906 1
atg 907 1
atg 908 1
atg 909 1
atg 910 1
atg 911 1
atg 912 1
atg 913 1
atg 914 1
atg 915 1
atg 916 1
atg 917 1
atg 918 1
atg 919 1
atg 920 1
atg 921 1
atg 922 1
atg 923 1
atg 924 1
atg 925 1
atg 926 1
atg 927 1
atg 928 1
atg 929 1
atg 930 1
atg 931 1
atg 932 1
atg 933 1
atg 934 1
atg 935 1
atg 936 1
atg 937 1
atg 938 1
atg 939 1
atg 940 1
atg 941 1
atg 942 1
atg 943 1
atg 944 1
atg 945 1
atg 946 1
atg 947 1
atg 948 1
atg 949 1
atg 950 1
atg 951 1
atg 952 1
atg 953 1
atg 954 1
atg 955 1
atg 956 1
atg 957 1
atg 958 1
atg 959 1
atg 960 1
atg 961 1
atg 962 1
atg 963 1
atg 964 1
atg 965 1
atg 966 1
atg 967 1
atg 968 1
atg 969 1
atg 970 1
atg 971 1
atg 972 1
atg 973 1
atg 974 1
atg 975 1
atg 976 1
atg 977 1
atg 978 1
atg 979 1
atg 980 1
atg 981 1
atg 982 1
atg 983 1
atg 984 1
atg 985 1
atg 986 1
atg 987 1
atg 988 1
atg 989 1
atg 990 1
atg 991 1
atg 992 1
atg 993 1
atg 994 1
atg 995 1
atg 996 1
atg 997 1
atg 998 1
atg 999 1
atg 1000 1
atg 1001 1
atg 1002 1
atg 1003 1
atg 1004 1
atg 1005 1
atg 1006 1
atg 1007 1
atg 1008 1
atg 1009 1
atg 1010 1
atg 1011 1
atg 1012 1
atg 1013 1
atg 1014 1
atg 1015 1
atg 1016 1
atg 1017 1
atg 1018 1
atg 1019 1
atg 1020 1
atg 1021 1
atg 1022 1
atg 1023 1
atg 1024 1
atg 1025 1
atg 1026 1
atg 1027 1
atg 1028 1
atg 1029 1
atg 1030 1
atg 1031 1
atg 1032 1
atg 1033 1
atg 1034 1
atg 1035 1
atg 1036 1
atg 1037 1
atg 1038 1
atg 1039 1
atg 1040 1
atg 1041 1
atg 1042 1
atg 1043 1
atg 1044 1
atg 1045 1
atg 1046 1
atg 1047 1
atg 1048 1
atg 1049 1
atg 1050 1
atg 1051 1
atg 1052 1
atg 1053 1
atg 1054 1
atg 1055 1
atg 1056 1
atg 1057 1
atg 1058 1
atg 1059 1
atg 1060 1
atg 1061 1
atg 1062 1
atg 1063 1
atg 1064 1
atg 1065 1
atg 1066 1
atg 1067 1
atg 1068 1
atg 1069 1
atg 1070 1
atg 1071 1
atg 1072 1
atg 1073 1
atg 1074 1
atg 1075 1
atg 1076 1
atg 1077 1
atg 1078 1
atg 1079 1
atg 1080 1
atg 1081 1
atg 1082 1
atg 1083 1
atg 1084 1
atg 1085 1
atg 1086 1
atg 1087 1
atg 1088 1
atg 1089 1
atg 1090 1
atg 1091 1
atg 1092 1
atg 1093 1
atg 1094 1
atg 1095 1
atg 1096 1
atg 1097 1
atg 1098 1
atg 1099 1
atg 1100 1
atg 1101 1
atg 1102 1
atg 1103 1
atg 1104 1
atg 1105 1
atg 1106 1
atg 1107 1
atg 1108 1
atg 1109 1
atg 1110 1
atg 1111 1
atg 1112 1
atg 1113 1
atg 1114 1
atg 1115 1
atg 1116 1
atg 1117 1
atg 1118 1
atg 1119 1
atg 1120 1
atg 1121 1
atg 1122 1
atg 1123 1
atg 1124 1
atg 1125 1
atg 1126 1
atg 1127 1
atg 1128 1
atg 1129 1
atg 1130 1
atg 1131 1
atg 1132 1
atg 1133 1
atg 1134 1
atg 1135 1
atg 1136 1
atg 1137 1
atg 1138 1
atg 1139 1
atg 1140 1
atg 1141 1
atg 1142 1
atg 1143 1
atg 1144 1
atg 1145 1
atg 1146 1
atg 1147 1
atg 1148 1
atg 1149 1
atg 1150 1
atg 1151 1
atg 1152 1
atg 1153 1
atg 1154 1
atg 1155 1
atg 1156 1
atg 1157 1
atg 1158 1
atg 1159 1
atg 1160 1
atg 1161 1
atg 1162 1
atg 1163 1
atg 1164 1
atg 1165 1
atg 1166 1
atg 1167 1
atg 1168 1
atg 1169 1
atg 1170 1
atg 1171 1
atg 1172 1
atg 1173 1
atg 1174 1
atg 1175 1
atg 1176 1
atg 1177 1
atg 1178 1
atg 1179 1
atg 1180 1
atg 1181 1
atg 1182 1
atg 1183 1
atg 1184 1
atg 1185 1
atg 1186 1
atg 1187 1
atg 1188 1
atg 1189 1
atg 1190 1
atg 1191 1
atg 1192 1
atg 1193 1
atg 1194 1
atg 1195 1
atg 1196 1
atg 1197 1
atg 1198 1
atg 1199 1
atg 1200 1
atg 1201 1
atg 1202 1
atg 1203 1
atg 1204 1
atg 1205 1
atg 1206 1
atg 1207 1
atg 1208 1
atg 1209 1
atg 1210 1
atg 1211 1
atg 1212 1
atg 1213 1
atg 1214 1
atg 1215 1
atg 1216 1
atg 1217 1
atg 1218 1
atg 1219 1
atg 1220 1
atg 1221 1
atg 1222 1
atg 1223 1
atg 1224 1
atg 1225 1
atg 1226 1
atg 1227 1
atg 1228 1
atg 1229 1
atg 1230 1
atg 1231 1
atg 1232 1
atg 1233 1
atg 1234 1
atg 1235 1
atg 1236 1
atg 1237 1
atg 1238 1
atg 1239 1
atg 1240 1
atg 1241 1
atg 1242 1
atg 1243 1
atg 1244 1
atg 1245 1
atg 1246 1
atg 1247 1
atg 1248 1
atg 1249 1
atg 1250 1
atg 1251 1
atg 1252 1
atg 1253 1
atg 1254 1
atg 1255 1
atg 1256 1
atg 1257 1
atg 1258 1
atg 1259 1
atg 1260 1
atg 1261 1
atg 1262 1
atg 1263 1
atg 1264 1
atg 1265 1
atg 1266 1
atg 1267 1
atg 1268 1
atg 1269 1
atg 1270 1
atg 1271 1
atg 1272 1
atg 1273 1
atg 1274 1
atg 1275 1
atg 1276 1
atg 1277 1
atg 1278 1
atg 1279 1
atg 1280 1
atg 1281 1
atg 1282 1
atg 1283 1
atg 1284 1
atg 1285 1
atg 1286 1
atg 1287 1
atg 1288 1
atg 1289 1
atg 1290 1
atg 1291 1
atg 1292 1
atg 1293 1
atg 1294 1
atg 1295 1
atg 1296 1
atg 1297 1
atg 1298 1
atg 1299 1
atg 1300 1
atg 1301 1
atg 1302 1
atg 1303 1
atg 1304 1
atg 1305 1
atg 1306 1
atg 1307 1
atg 1308 1
atg 1309 1
atg 1310 1
atg 1311 1
atg 1312 1
atg 1313 1
atg 1314 1
atg 1315 1
atg 1316 1
atg 1317 1
atg 1318 1
atg 1319 1
atg 1320 1
atg 1321 1
atg 1322 1
atg 1323 1
atg 1324 1
atg 1325 1
atg 1326 1
atg 1327 1
atg 1328 1
atg 1329 1
atg 1330 1
atg 1331 1
atg 1332 1
atg 1333 1
atg 1334 1
atg 1335 1
atg 1336 1
atg 1337 1
atg 1338 1
atg 1339 1
atg 1340 1
atg 1341 1
atg 1342 1
atg 1343 1
atg 1344 1
atg 1345 1
atg 1346 1
atg 1347 1
atg 1348 1
atg 1349 1
atg 1350 1
atg 1351 1
atg 1352 1
atg 1353 1
atg 1354 1
atg 1355 1
atg 1356 1
atg 1357 1
atg 1358 1
atg 1359 1
atg 1360 1
atg 1361 1
atg 1362 1
atg 1363 1
atg 1364 1
atg 1365 1
atg 1366 1
atg 1367 1
atg 1368 1
atg 1369 1
atg 1370 1
atg 1371 1
atg 1372 1
atg 1373 1
atg 1374 1
atg 1375 1
atg 1376 1
atg 1377 1
atg 1378 1
atg 1379 1
atg 1380 1
atg 1381 1
atg 1382 1
atg 1383 1
atg 1384 1
atg 1385 1
atg 1386 1
atg 1387 1
atg 1388 1
atg 1389 1
atg 1390 1
atg 1391 1
atg 1392 1
atg 1393 1
atg 1394 1
atg 1395 1
atg 1396 1
atg 1397 1
atg 1398 1
atg 1399 1
atg 1400 1
atg 1401 1
atg 1402 1
atg 1403 1
atg 1404 1
atg 1405 1
atg 1406 1
atg 1407 1
atg 1408 1
atg 1409 1
atg 1410 1
atg 1411 1
atg 1412 1
atg 1413 1
atg 1414 1
atg 1415 1
atg 1416 1
atg 1417 1
atg 1418 1
atg 1419 1
atg 1420 1
atg 1421 1
atg 1422 1
atg 1423 1
atg 1424 1
atg 1425 1
atg 1426 1
atg 1427 1
atg 1428 1
atg 1429 1
atg 1430 1
atg 1431 1
atg 1432 1
atg 1433 1
atg 1434 1
atg 1435 1
atg 1436 1
atg 1437 1
atg 1438 1
atg 1439 1
atg 1440 1
atg 1441 1
atg 1442 1
atg 1443 1
atg 1444 1
atg 1445 1
atg 1446 1
atg 1447 1
atg 1448 1
atg 1449 1
atg 1450 1
atg 1451 1
atg 1452 1
atg 1453 1
atg 1454 1
atg 1455 1
atg 1456 1
atg 1457 1
atg 1458 1
atg 1459 1
atg 1460 1
atg 1461 1
atg 1462 1
atg 1463 1
atg 1464 1
atg 1465 1
atg 1466 1
atg 1467 1
atg 1468 1
atg 1469 1
atg 1470 1
atg 1471 1
atg 1472 1
atg 1473 1
atg 1474 1
atg 1475 1
atg 1476 1
atg 1477 1
atg 1478 1
atg 1479 1
atg 1480 1
atg 1481 1
atg 1482 1
atg 1483 1
atg 1484 1
atg 1485 1
atg 1486 1
atg 1487 1
atg 1488 1
atg 1489 1
atg 1490 1
atg 1491 1
atg 1492 1
atg 1493 1
atg 1494 1
atg 1495 1
atg 1496 1
atg 1497 1
atg 1498 1
atg 1499 1
atg 1500 1
atg 1501 1
atg 1502 1
atg 1503 1
atg 1504 1
atg 1505 1
atg 1506 1
atg 1507 1
atg 1508 1
atg 1509 1
atg 1510 1
atg 1511 1
atg 1512 1
atg 1513 1
atg 1514 1
atg 1515 1
atg 1516 1
atg 1517 1
atg 1518 1
atg 1519 1
atg 1520 1
atg 1521 1
atg 1522 1
atg 1523 1
atg 1524 1
atg 1525 1
atg 1526 1
atg 1527 1
atg 1528 1
atg 1529 1
atg 1530 1
atg 1531 1
atg 1532 1
atg 1533 1
atg 1534 1
atg 1535 1
atg 1536 1
atg 1537 1
atg 1538 1
atg 1539 1
atg 1540 1
atg 1541 1
atg 1542 1
atg 1543 1
atg 1544 1
atg 1545 1
atg 1546 1
atg 1547 1
atg 1548 1
atg 1549 1
atg 1550 1
atg 1551 1
atg 1552 1
atg 1553 1
atg 1554 1
atg 1555 1
atg 1556 1
atg 1557 1
atg 1558 1
atg 1559 1
atg 1560 1
atg 1561 1
atg 1562 1
atg 1563 1
atg 1564 1
atg 1565 1
atg 1566 1
atg 1567 1
atg 1568 1
atg 1569 1
atg 1570 1
atg 1571 1
atg 1572 1
atg 1573 1
atg 1574 1
atg 1575 1
atg 1576 1
atg 1577 1
atg 1578 1
atg 1579 1
atg 1580 1
atg 1581 1
atg 1582 1
atg 1583 1
atg 1584 1
atg 1585 1
atg 1586 1
atg 1587 1
atg 1588 1
atg 1589 1
atg 1590 1
atg 1591 1
atg 1592 1
atg 1593 1
atg 1594 1
atg 1595 1
atg 1596 1
atg 1597 1
atg 1598 1
atg 1599 1
atg 1600 1
atg 1601 1
atg 1602 1
atg 1603 1
atg 1604 1
atg 1605 1
atg 1606 1
atg 1607 1
atg 1608 1
atg 1609 1
atg 1610 1
atg 1611 1
atg 1612 1
atg 1613 1
atg 1614 1
atg 1615 1
atg 1616 1
atg 1617 1
atg 1618 1
atg 1619 1
atg 1620 1
atg 1621 1
atg 1622 1
atg 1623 1
atg 1624 1
atg 1625 1
atg 1626 1
atg 1627 1
atg 1628 1
atg 1629 1
atg 1630 1
atg 1631 1
atg 1632 1
atg 1633 1
atg 1634 1
atg 1635 1
atg 1636 1
atg 1637 1
atg 1638 1
atg 1639 1
atg 1640 1
atg 1641 1
atg 1642 1
atg 1643 1
atg 1644 1
atg 1645 1
atg 1646 1
atg 1647 1
atg 1648 1
atg 1649 1
atg 1650 1
atg 1651 1
atg 1652 1
atg 1653 1
atg 1654 1
atg 1655 1
atg 1656 1
atg 1657 1
atg 1658 1
atg 1659 1
atg 1660 1
atg 1661 1
atg 1662 1
atg 1663 1
atg 1664 1
atg 1665 1
atg 1666 1
atg 1667 1
atg 1668 1
atg 1669 1
atg 1670 1
atg 1671 1
atg 1672 1
atg 1673 1
atg 1674 1
atg 1675 1
atg 1676 1
atg 1677 1
atg 1678 1
atg 1679 1
atg 1680 1
atg 1681 1
atg 1682 1
atg 1683 1
atg 1684 1
atg 1685 1
atg 1686 1
atg 1687 1
atg 1688 1
atg 1689 1
atg 1690 1
atg 1691 1
atg 1692 1
atg 1693 1
atg 1694 1
atg 1695 1
atg 1696 1
atg 1697 1
atg 1698 1
atg 1699 1
atg 1700 1
atg 1701 1
atg 1702 1
atg 1703 1
atg 1704 1
atg 1705 1
atg 1706 1
atg 1707 1
atg 1708 1
atg 1709 1
atg 1710 1
atg 1711 1
atg 1712 1
atg 1713 1
atg 1714 1
atg 1715 1
atg 1716 1
atg 1717 1
atg 1718 1
atg 1719 1
atg 1720 1
atg 1721 1
atg 1722 1
atg 1723 1
atg 1724 1
atg 1725 1
atg 1726 1
atg 1727 1
atg 1728 1
atg 1729 1
atg 1730 1
atg 1731 1
atg 1732 1
atg 1733 1
atg 1734 1
atg 1735 1
atg 1736 1
atg 1737 1
atg 1738 1
atg 1739 1
atg 1740 1
atg 1741 1
atg 1742 1
atg 1743 1
atg 1744 1
atg 1745 1
atg 1746 1
atg 1747 1
atg 1748 1
atg 1749 1
atg 1750 1
atg 1751 1
atg 1752 1
atg 1753 1
atg 1754 1
atg 1755 1
atg 1756 1
atg 1757 1
atg 1758 1
atg 1759 1
atg 1760 1
atg 1761 1
atg 1762 1
atg 1763 1
atg 1764 1
atg 1765 1
atg 1766 1
atg 1767 1
atg 1768 1
atg 1769 1
atg 1770 1
atg 1771 1
atg 1772 1
atg 1773 1
atg 1774 1
atg 1775 1
atg 1776 1
atg 1777 1
atg 1778 1
atg 1779 1
atg 1780 1
atg 1781 1
atg 1782 1
atg 1783 1
atg 1784 1
atg 1785 1
atg 1786 1
atg 1787 1
atg 1788 1
atg 1789 1
atg 1790 1
atg 1791 1
atg 1792 1
atg 1793 1
atg 1794 1
atg 1795 1
atg 1796 1
atg 1797 1
atg 1798 1
atg 1799 1
atg 1800 1
atg 1801 1
atg 1802 1
atg 1803 1
atg 1804 1
atg 1805 1
atg 1806 1
atg 1807 1
atg 1808 1
atg 1809 1
atg 1810 1
atg 1811 1
atg 1812 1
atg 1813 1
atg 1814 1
atg 1815 1
atg 1816 1
atg 1817 1
atg 1818 1
atg 1819 1
atg 1820 1
atg 1821 1
atg 1822 1
atg 1823 1
atg 1824 1
atg 1825 1
atg 1826 1
atg 1827 1
atg 1828 1
atg 1829 1
atg 1830 1
atg 1831 1
atg 1832 1
atg 1833 1
atg 1834 1
atg 1835 1
atg 1836 1
atg 1837 1
atg 1838 1
atg 1839 1
atg 1840 1
atg 1841 1
atg 1842 1
atg 1843 1
atg 1844 1
atg 1845 1
atg 1846 1
atg 1847 1
atg 1848 1
atg 1849 1
atg 1850 1
atg 1851 1
atg 1852 1
atg 1853 1
atg 1854 1
atg 1855 1
atg 1856 1
atg 1857 1
atg 1858 1
atg 1859 1
atg 1860 1
atg 1861 1
atg 1862 1
atg 1863 1
atg 1864 1
atg 1865 1
atg 1866 1
atg 1867 1
atg 1868 1
atg 1869 1
atg 1870 1
atg 1871 1
atg 1872 1
atg 1873 1
atg 1874 1
atg 1875 1
atg 1876 1
atg 1877 1
atg 1878 1
atg 1879 1
atg 1880 1
atg 1881 1
atg 1882 1
atg 1883 1
atg 1884 1
atg 1885 1
atg 1886 1
atg 1887 1
atg 1888 1
atg 1889 1
atg 1890 1
atg 1891 1
atg 1892 1
atg 1893 1
atg 1894 1
atg 1895 1
atg 1896 1
atg 1897 1
atg 1898 1
atg 1899 1
atg 1900 1
atg 1901 1
atg 1902 1
atg 1903 1
atg 1904 1
atg 1905 1
atg 1906 1
atg 1907 1
atg 1908 1
atg 1909 1
atg 1910 1
atg 1911 1
atg 1912 1
atg 1913 1
atg 1914 1
atg 1915 1
atg 1916 1
atg 1917 1
atg 1918 1
atg 1919 1
atg 1920 1
atg 1921 1
atg 1922 1
atg 1923 1
atg 1924 1
atg 1925 1
atg 1926 1
atg 1927 1
atg 1928 1
atg 1929 1
atg 1930 1
atg 1931 1
atg 1932 1
atg 1933 1
atg 1934 1
atg 1935 1
atg 1936 1
atg 1937 1
atg 1938 1
atg 1939 1
atg 1940 1
atg 1941 1
atg 1942 1
atg 1943 1
atg 1944 1
atg 1945 1
atg 1946 1
atg 1947 1
atg 1948 1
atg 1949 1
atg 1950 1
atg 1951 1
atg 1952 1
atg 1953 1
atg 1954 1
atg 1955 1
atg 1956 1
atg 1957 1
atg 1958 1
atg 1959 1
atg 1960 1
atg 1961 1
atg 1962 1
atg 1963 1
atg 1964 1
atg 1965 1
atg 1966 1
atg 1967 1
atg 1968 1
atg 1969 1
atg 1970 1
atg 1971 1
atg 1972 1
atg 1973 1
atg 1974 1
atg 1975 1
atg 1976 1
atg 1977 1
atg 1978 1
atg 1979 1
atg 1980 1
atg 1981 1
atg 1982 1
atg 1983 1
atg 1984 1
atg 1985 1
atg 1986 1
atg 1987 1
atg 1988 1
atg 1989 1
atg 1990 1
atg 1991 1
atg 1992 1
atg 1993 1
atg 1994 1
atg 1995 1
atg 1996 1
atg 1997 1
atg 1998 1
atg 1999 1
atg 2000 1
atg 2001 1
atg 2002 1
atg 2003 1
atg 2004 1
atg 2005 1
atg 2006 1
atg 2007 1
atg 2008 1
atg 2009 1
atg 2010 1
atg 2011 1
atg 2012 1
atg 2013 1
atg 2014 1
atg 2015 1
atg 2016 1
atg 2017 1
atg 2018 1
atg 2019 1
atg 2020 1
atg 2021 1
atg 2022 1
atg 2023 1
atg 2024 1
atg 2025 1
atg 2026 1
atg 2027 1
atg 2028 1
atg 2029 1
atg 2030 1
atg 2031 1
atg 2032 1
atg 2033 1
atg 2034 1
atg 2035 1
atg 2036 1
atg 2037 1
atg 2038 1
atg 2039 1
atg 2040 1
atg 2041 1
atg 2042 1
atg 2043 1
atg 2044 1
atg 2045 1
atg 2046 1
atg 2047 1
atg 2048 1
atg 2049 1
atg 2050 1
atg 2051 1
atg 2052 1
atg 2053 1
atg 2054 1
atg 2055 1
atg 2056 1
atg 2057 1
atg 2058 1
atg 2059 1
atg 2060 1
atg 2061 1
atg 2062 1
atg 2063 1
atg 2064 1
atg 2065 1
atg 2066 1
atg 2067 1
atg 2068 1
atg 2069 1
atg 2070 1
atg 2071 1
atg 2072 1
atg 2073 1
atg 2074 1
atg 2075 1
atg 2076 1
atg 2077 1
atg 2078 1
atg 2079 1
atg 2080 1
atg 2081 1
atg 2082 1
atg 2083 1
atg 2084 1
atg 2085 1
atg 2086 1
atg 2087 1
atg 2088 1
atg 2089 1
atg 2090 1
atg 2091 1
atg 2092 1
atg 2093 1
atg 2094 1
atg 2095 1
atg 2096 1
atg 2097 1
atg 2098 1
atg 2099 1
atg 2100 1
atg 2101 1
atg 2102 1
atg 2103 1
atg 2104 1
atg 2105 1
atg 2106 1
atg 2107 1
atg 2108 1
atg 2109 1
atg 2110 1
atg 2111 1
atg 2112 1
atg 2113 1
atg 2114 1
atg 2115 1
atg 2116 1
atg 2117 1
atg 2118 1
atg 2119 1
atg 2120 1
atg 2121 1
atg 2122 1
atg 2123 1
atg 2124 1
atg 2125 1
atg 2126 1
atg 2127 1
atg 2128 1
atg 2129 1
atg 2130 1
atg 2131 1
atg 2132 1
atg 2133 1
atg 2134 1
atg 2135 1
atg 2136 1
atg 2137 1
atg 2138 1
atg 2139 1
atg 2140 1
atg 2141 1
atg 2142 1
atg 2143 1
atg 2144 1
atg 2145 1
atg 2146 1
atg 2147 1
atg 2148 1
atg 2149 1
atg 2150 1
atg 2151 1
atg 2152 1
atg 2153 1
atg 2154 1
atg 2155 1
atg 2156 1
atg 2157 1
atg 2158 1
atg 2159 1
atg 2160 1
atg 2161 1
atg 2162 1
atg 2163 1
atg 2164 1
atg 2165 1
atg 2166 1
atg 2167 1
atg 2168 1
atg 2169 1
atg 2170 1
atg 2171 1
atg 2172 1
atg 2173 1
atg 2174 1
atg 2175 1
atg 2176 1
atg 2177 1
atg 2178 1
atg 2179 1
atg 2180 1
atg 2181 1
atg 2182 1
atg 2183 1
atg 2184 1
atg 2185 1
atg 2186 1
atg 2187 1
atg 2188 1
atg 2189 1
atg 2190 1
atg 2191 1
atg 2192 1
atg 2193 1
atg 2194 1
atg 2195 1
atg 2196 1
atg 2197 1
atg 2198 1
atg 2199 1
atg 2200 1
atg 2201 1
atg 2202 1
atg 2203 1
atg 2204 1
atg 2205 1
atg 2206 1
atg 2207 1
atg 2208 1
atg 2209 1
atg 2210 1
atg 2211 1
atg 2212 1
atg 2213 1
atg 2214 1
atg 2215 1
atg 2216 1
atg 2217 1
atg 2218 1
atg 2219 1
atg 2220 1
atg 2221 1
atg 2222 1
atg 2223 1
atg 2224 1
atg 2225 1
atg 2226 1
atg 2227 1
atg 2228 1
atg 2229 1
atg 2230 1
atg 2231 1
atg 2232 1
atg 2233 1
atg 2234 1
atg 2235 1
atg 2236 1
atg 2237 1
atg 2238 1
atg 2239 1
atg 2240 1
atg 2241 1
atg 2242 1
atg 2243 1
atg 2244 1
atg 2245 1
atg 2246 1
atg 2247 1
atg 2248 1
atg 2249 1
atg 2250 1
atg 2251 1
atg 2252 1
atg 2253 1
atg 2254 1
atg 2255 1
atg 2256 1
atg 2257 1
atg 2258 1
atg 2259 1
atg 2260 1
atg 2261 1
atg 2262 1
atg 2263 1
atg 2264 1
atg 2265 1
atg 2266 1
atg 2267 1
atg 2268 1
atg 2269 1
atg 2270 1
atg 2271 1
atg 2272 1
atg 2273 1
atg 2274 1
atg 2275 1
atg 2276 1
atg 2277 1
atg 2278 1
atg 2279 1
atg 2280 1
atg 2281 1
atg 2282 1
atg 2283 1
atg 2284 1
atg 2285 1
atg 2286 1
atg 2287 1
atg 2288 1
atg 2289 1
atg 2290 1
atg 2291 1
atg 2292 1
atg 2293 1
atg 2294 1
atg 2295 1
atg 2296 1
atg 2297 1
atg 2298 1
atg 2299 1
atg 2300 1
atg 2301 1
atg 2302 1
atg 2303 1
atg 2304 1
atg 2305 1
atg 2306 1
atg 2307 1
atg 2308 1
atg 2309 1
atg 2310 1
atg 2311 1
atg 2312 1
atg 2313 1
atg 2314 1
atg 2315 1
atg 2316 1
atg 2317 1
atg 2318 1
atg 2319 1
atg 2320 1
atg 2321 1
atg 2322 1
atg 2323 1
atg 2324 1
atg 2325 1
atg 2326 1
atg 2327 1
atg 2328 1
atg 2329 1
atg 2330 1
atg 2331 1
atg 2332 1
atg 2333 1
atg 2334 1
atg 2335 1
atg 2336 1
atg 2337 1
atg 2338 1
atg 2339 1
atg 2340 1
atg 2341 1
atg 2342 1
atg 2343 1
atg 2344 1
atg 2345 1
atg 2346 1
atg 2347 1
atg 2348 1
atg 2349 1
atg 2350 1
atg 2351 1
atg 2352 1
atg 2353 1
atg 2354 1
atg 2355 1
atg 2356 1
atg 2357 1
atg 2358 1
atg 2359 1
atg 2360 1
atg 2361 1
atg 2362 1
atg 2363 1
atg 2364 1
atg 2365 1
atg 2366 1
atg 2367 1
atg 2368 1
atg 2369 1
atg 2370 1
atg 2371 1
atg 2372 1
atg 2373 1
atg 2374 1
atg 2375 1
atg 2376 1
atg 2377 1
atg 2378 1
atg 2379 1
atg 2380 1
atg 2381 1
atg 2382 1
atg 2383 1
atg 2384 1
atg 2385 1
atg 2386 1
atg 2387 1
atg 2388 1
atg 2389 1
atg 2390 1
atg 2391 1
atg 2392 1
atg 2393 1
atg 2394 1
atg 2395 1
atg 2396 1
atg 2397 1
atg 2398 1
atg 2399 1
atg 2400 1
atg 2401 1
atg 2402 1
atg 2403 1
atg 2404 1
atg 2405 1
atg 2406 1
atg 2407 1
atg 2408 1
atg 2409 1
atg 2410 1
atg 2411 1
atg 2412 1
atg 2413 1
atg 2414 1
atg 2415 1
atg 2416 1
atg 2417 1
atg 2418 1
atg 2419 1
atg 2420 1
atg 2421 1
atg 2422 1
atg 2423 1
atg 2424 1
atg 2425 1
atg 2426 1
atg 2427 1
atg 2428 1
atg 2429 1
atg 2430 1
atg 2431 1
atg 2432 1
atg 2433 1
atg 2434 1
atg 2435 1
atg 2436 1
atg 2437 1
atg 2438 1
atg 2439 1
atg 2440 1
atg 2441 1
atg 2442 1
atg 2443 1
atg 2444 1
atg 2445 1
atg 2446 1
atg 2447 1
atg 2448 1
atg 2449 1
atg 2450 1
atg 2451 1
atg 2452 1
atg 2453 1
atg 2454 1
atg 2455 1
atg 2456 1
atg 2457 1
atg 2458 1
atg 2459 1
atg 2460 1
atg 2461 1
atg 2462 1
atg 2463 1
atg 2464 1
atg 2465 1
atg 2466 1
atg 2467 1
atg 2468 1
atg 2469 1
atg 2470 1
atg 2471 1
atg 2472 1
atg 2473 1
atg 2474 1
atg 2475 1
atg 2476 1
atg 2477 1
atg 2478 1
atg 2479 1
atg 2480 1
atg 2481 1
atg 2482 1
atg 2483 1
atg 2484 1
atg 2485 1
atg 2486 1
atg 2487 1
atg 2488 1
atg 2489 1
atg 2490 1
atg 2491 1
atg 2492 1
atg 2493 1
atg 2494 1
atg 2495 1
atg 2496 1
atg 2497 1
atg 2498 1
atg 2499 1
atg 2500 1
qgvs 1
qgvs 1
qgvs 1
qgvs 1
qgvs 1
qgvs 1
qgvs 1
qgvs 1
qgvs 1
qgvs 1
qgvs 1
qgvs 1
qgvs 1
qgvs 1
qgvs 1
qgvs 1
qgvs 1
qgvs 1
qgvs 1
qgvs 1
qgvs 1
qgvs 1
qgvs 1
qgvs 1
qgvs 1
qgvs 1
qgvs 1
qgvs 1
qgvs 1
qgvs 1
qgvs 1
qgvs 1
qgvs 1
qgvs 1
qgvs 1
qgvs 1
qgvs 1
qgvs 1
qgvs 1
qgvs 1
qgvs 1
qgvs 1
qgvs 1
qgvs 1
qgvs 1
qgvs 1
qgvs 1
qgvs 1
qgvs 1
qgvs 1
qgvs 1
qgvs 1
qgvs 1
qgvs 1
qgvs 1
qgvs 1
qgvs 1
qgvs 1
qgvs 1
qgvs 1
qgvs 1
qgvs 1
qgvs 1
qgvs 1
qgvs 1
qgvs 1
qgvs 1
qgvs 1
qgvs 1
qgvs 1
qgvs 1
qgvs 1
qgvs 1
qgvs 1
qgvs 1
qgvs 1
qgvs 1
qgvs 1
qgvs 1
qgvs 1
qgvs 1
qgvs 1
qgvs 1
qgvs 1
qgvs 1
qgvs 1
qgvs 1
qgvs 1
qgvs 1
qgvs 1
qgvs 1
qgvs 1
qgvs 1
qgvs 1
qgvs 1
qgvs 1
qgvs 1
qgvs 1
qgvs 1
qgvs 1
qgvs 1
qgvs 1
qgvs 1
qgvs 1
qgvs 1
qgvs 1
qgvs 1
qgvs 1
qgvs 1
qgvs 1
qgvs 1
qgvs 1
qgvs 1
qgvs 1
qgvs 1
qgvs 1
qgvs 1
qgvs 1
qgvs 1
qgvs 1
qgvs 1
qgvs 1
qgvs 1
qgvs 1
qgvs 1
qgvs 1
qgvs 1
qgvs 1
qgvs 1
qgvs 1
qgvs 1
qgvs 1
qgvs 1
qgvs 1
qgvs 1
qgvs 1
qgvs 1
qgvs 1
qgvs 1
qgvs 1
qgvs 1
qgvs 1
qgvs 1
qgvs 1
qgvs 1
qgvs 1
qgvs 1
qgvs 1
qgvs 1
qgvs 1
qgvs 1
qgvs 1
qgvs 1
qgvs 1
qgvs 1
qgvs 1
qgvs 1
qgvs 1
qgvs 1
qgvs 1
qgvs 1
qgvs 1
qgvs 1
qgvs 1
qgvs 1
qgvs 1
qgvs 1
qgvs 1
qgvs 1
qgvs 1
qgvs 1
qgvs 1
qgvs 1
qgvs 1
qgvs 1
qgvs 1
qgvs 1
qgvs 1
qgvs 1
qgvs 1
qgvs 1
qgvs 1
qgvs 1
qgvs 1
qgvs 1
qgvs 1
qgvs 1
qgvs 1
qgvs 1
qgvs 1
qgvs 1
qgvs 1
qgvs 1
qgvs 1
qgvs 1
qgvs 1
qgvs 1
qgvs 1
qgvs 1
qgvs 1
qgvs 1
qgvs 1
qgvs 1
qgvs 1
qgvs 1
qgvs 1
qgvs 1
qgvs 1
qgvs 1
qgvs 1
qgvs 1
qgvs 1
qgvs 1
qgvs 1
qgvs 1
qgvs 1
qgvs 1
qgvs 1
qgvs 1
qgvs 1
qgvs 1
qgvs 1
qgvs 1
qgvs 1
qgvs 1
qgvs 1
qgvs 1
qgvs 1
qgvs 1
qgvs 1
qgvs 1
qgvs 1
qgvs 1
qgvs 1
qgvs 1
qgvs 1
qgvs 1
qgvs 1
qgvs 1
qgvs 1
qgvs 1
qgvs 1
qgvs 1
qgvs 1
qgvs 1
qgvs 1
qgvs 1
qgvs 1
qgvs 1
qgvs 1
qgvs 1
qgvs 1
qgvs 1
qgvs 1
qgvs 1
qgvs 1
qgvs 1
qgvs 1
qgvs 1
qgvs 1
qgvs 1
qgvs 1
qgvs 1
qgvs 1
qgvs 1
qgvs 1
qgvs 1
qgvs 1
qgvs 1
qgvs 1
qgvs 1
qgvs 1
qgvs 1
qgvs 1
qgvs 1
qgvs 1
qgvs 1
qgvs 1
qgvs 1
qgvs 1
qgvs 1
qgvs 1
qgvs 1
qgvs 1
qgvs 1
qgvs 1
qgvs 1
qgvs 1
qgvs 1
qgvs 1
qgvs 1
qgvs 1
qgvs 1
qgvs 1
qgvs 1
qgvs 1
qgvs 1
qgvs 1
qgvs 1
qgvs 1
qgvs 1
qgvs 1
qgvs 1
qgvs 1
qgvs 1
qgvs 1
qgvs 1
qgvs 1
qgvs 1
qgvs 1
qgvs 1
qgvs 1
qgvs 1
qgvs 1
qgvs 1
qgvs 1
qgvs 1
qgvs 1
qgvs 1
qgvs 1
qgvs 1
qgvs 1
qgvs 1
qgvs 1
qgvs 1
qgvs 1
qgvs 1
qgvs 1
qgvs 1
qgvs 1
qgvs 1
qgvs 1
qgvs 1
qgvs 1
qgvs 1
qgvs 1
qgvs 1
qgvs 1
qgvs 1
qgvs 1
qgvs 1
qgvs 1
qgvs 1
qgvs 1
qgvs 1
qgvs 1
qgvs 1
qgvs 1
qgvs 1
qgvs 1
qgvs 1
qgvs 1
qgvs 1
qgvs 1
qgvs 1
qgvs 1
qgvs 1
qgvs 1
qgvs 1
qgvs 1
qgvs 1
qgvs 1
qgvs 1
qgvs 1
qgvs 1
qgvs 1
qgvs 1
qgvs 1
qgvs 1
qgvs 1
qgvs 1
qgvs 1
qgvs 1
qgvs 1
qgvs 1
qgvs 1
qgvs 1
qgvs 1
qgvs 1
qgvs 1
qgvs 1
qgvs 1
qgvs 1
qgvs 1
qgvs 1
qgvs 1
qgvs 1
qgvs 1
qgvs 1
qgvs 1
qgvs 1
qgvs 1
qgvs 1
qgvs 1
qgvs 1
qgvs 1
qgvs 1
qgvs 1
qgvs 1
qgvs 1
qgvs 1
qgvs 1
qgvs 1
qgvs 1
qgvs 1
qgvs 1
qgvs 1
qgvs 1
qgvs 1
qgvs 1
qgvs 1
qgvs 1
qgvs 1
qgvs 1
qgvs 1
qgvs 1
qgvs 1
qgvs 1
qgvs 1
qgvs 1
qgvs 1
qgvs 1
qgvs 1
qgvs 1
qgvs 1
qgvs 1
qgvs 1
qgvs 1
qgvs 1
qgvs 1
qgvs 1
qgvs 1
qgvs 1
qgvs 1
qgvs 1
qgvs 1
qgvs 1
qgvs 1
qgvs 1
qgvs 1
qgvs 1
qgvs 1
qgvs 1
qgvs 1
qgvs 1
qgvs 1
qgvs 1
qgvs 1
qgvs 1
qgvs 1
qgvs 1
qgvs 1
qgvs 1
qgvs 1
qgvs 1
qgvs 1
qgvs 1
qgvs 1
qgvs 1
qgvs 1
qgvs 1
qgvs 1
qgvs 1
qgvs 1
qgvs 1
qgvs 1
qgvs 1
qgvs 1
qgvs 1
qgvs 1
qgvs 1
qgvs 1
qgvs 1
qgvs 1
qgvs 1
qgvs 1
qgvs 1
qgvs 1
qgvs 1
qgvs 1
qgvs 1
qgvs 1
qgvs 1
qgvs 1
qgvs 1
qgvs 1
qgvs 1
qgvs 1
qgvs 1
qgvs 1
qgvs 1
qgvs 1
qgvs 1
qgvs 1
qgvs 1
qgvs 1
qgvs 1
qgvs 1
qgvs 1
qgvs 1
qgvs 1
qgvs 1
qgvs 1
qgvs 1
qgvs 1
qgvs 1
qgvs 1
qgvs 1
qgvs 1
qgvs 1
qgvs 1
qgvs 1
qgvs 1
qgvs 1
qgvs 1
qgvs 1
qgvs 1
qgvs 1
qgvs 1
qgvs 1
qgvs 1
qgvs 1
qgvs 1
qgvs 1
qgvs 1
qgvs 1
qgvs 1
qgvs 1
qgvs 1
qgvs 1
qgvs 1
qgvs 1
qgvs 1
qgvs 1
qgvs 1
qgvs 1
qgvs 1
qgvs 1
qgvs 1
qgvs 1
qgvs 1
qgvs 1
qgvs 1
qgvs 1
qgvs 1
qgvs 1
qgvs 1
qgvs 1
qgvs 1
qgvs 1
qgvs 1
qgvs 1
qgvs 1
qgvs 1
qgvs 1
qgvs 1
qgvs 1
qgvs 1
qgvs 1
qgvs 1
qgvs 1
qgvs 1
qgvs 1
qgvs 1
qgvs 1
qgvs 1
qgvs 1
qgvs 1
qgvs 1
qgvs 1
qgvs 1
qgvs 1
qgvs 1
qgvs 1
qgvs 1
qgvs 1
qgvs 1
qgvs 1
qgvs 1
qgvs 1
qgvs 1
qgvs 1
qgvs 1
qgvs 1
qgvs 1
qgvs 1
qgvs 1
qgvs 1
qgvs 1
qgvs 1
qgvs 1
qgvs 1
qgvs 1
qgvs 1
qgvs 1
qgvs 1
qgvs 1
qgvs 1
qgvs 1
qgvs 1
qgvs 1
qgvs 1
qgvs 1
qgvs 1
qgvs 1
qgvs 1
qgvs 1
qgvs 1
qgvs 1
qgvs 1
qgvs 1
qgvs 1
qgvs 1
qgvs 1
qgvs 1
qgvs 1
qgvs 1
qgvs 1
qgvs 1
qgvs 1
qgvs 1
qgvs 1
qgvs 1
qgvs 1
qgvs 1
qgvs 1
qgvs 1
qgvs 1
qgvs 1
qgvs 1
qgvs 1
qgvs 1
qgvs 1
qgvs 1
qgvs 1
qgvs 1
qgvs 1
qgvs 1
qgvs 1
qgvs 1
qgvs 1
qgvs 1
qgvs 1
qgvs 1
qgvs 1
qgvs 1
qgvs 1
qgvs 1
qgvs 1
qgvs 1
qgvs 1
qgvs 1
qgvs 1
qgvs 1
qgvs 1
qgvs 1
qgvs 1
qgvs 1
qgvs 1
qgvs 1
qgvs 1
qgvs 1
qgvs 1
qgvs 1
qgvs 1
qgvs 1
qgvs 1
qgvs 1
qgvs 1
qgvs 1
qgvs 1
qgvs 1
qgvs 1
qgvs 1
qgvs 1
qgvs 1
qgvs 1
qgvs 1
qgvs 1
qgvs 1
qgvs 1
qgvs 1
qgvs 1
qgvs 1
qgvs 1
qgvs 1
qgvs 1
qgvs 1
qgvs 1
qgvs 1
qgvs 1
qgvs 1
qgvs 1
qgvs 1
qgvs 1
qgvs 1
qgvs 1
qgvs 1
qgvs 1
qgvs 1
qgvs 1
qgvs 1
qgvs 1
qgvs 1
qgvs 1
qgvs 1
qgvs 1
qgvs 1
qgvs 1
qgvs 1
qgvs 1
qgvs 1
qgvs 1
qgvs 1
qgvs 1
qgvs 1
qgvs 1
qgvs 1
qgvs 1
qgvs 1
qgvs 1
qgvs 1
qgvs 1
qgvs 1
qgvs 1
qgvs 1
qgvs 1
qgvs 1
qgvs 1
qgvs 1
qgvs 1
qgvs 1
qgvs 1
qgvs 1
qgvs 1
qgvs 1
qgvs 1
qgvs 1
qgvs 1
qgvs 1
qgvs 1
qgvs 1
qgvs 1
qgvs 1
qgvs 1
qgvs 1
qgvs 1
qgvs 1
qgvs 1
qgvs 1
qgvs 1
qgvs 1
qgvs 1
qgvs 1
qgvs 1
qgvs 1
qgvs 1
qgvs 1
qgvs 1
qgvs 1
qgvs 1
qgvs 1
qgvs 1
qgvs 1
qgvs 1
qgvs 1
qgvs 1
qgvs 1
qgvs 1
qgvs 1
qgvs 1
qgvs 1
qgvs 1
qgvs 1
qgvs 1
qgvs 1
qgvs 1
qgvs 1
qgvs 1
qgvs 1
qgvs 1
qgvs 1
qgvs 1
qgvs 1
qgvs 1
qgvs 1
qgvs 1
qgvs 1
qgvs 1
qgvs 1
qgvs 1
qgvs 1
qgvs 1
qgvs 1
qgvs 1
qgvs 1
qgvs 1
qgvs 1
qgvs 1
qgvs 1
qgvs 1
qgvs 1
qgvs 1
qgvs 1
qgvs 1
qgvs 1
qgvs 1
qgvs 1
qgvs 1
qgvs 1
qgvs 1
qgvs 1
qgvs 1
qgvs 1
qgvs 1
qgvs 1
qgvs 1
qgvs 1
qgvs 1
qgvs 1
qgvs 1
qgvs 1
qgvs 1
qgvs 1
qgvs 1
qgvs 1
qgvs 1
qgvs 1
qgvs 1
qgvs 1
qgvs 1
qgvs 1
qgvs 1
qgvs 1
qgvs 1
qgvs 1
qgvs 1
qgvs 1
qgvs 1
qgvs 1
qgvs 1
qgvs 1
qgvs 1
qgvs 1
qgvs 1
qgvs 1
qgvs 1
qgvs 1
qgvs 1
qgvs 1
qgvs 1
qgvs 1
qgvs 1
qgvs 1
qgvs 1
qgvs 1
qgvs 1
qgvs 1
qgvs 1
qgvs 1
qgvs 1
qgvs 1
qgvs 1
qgvs 1
qgvs 1
qgvs 1
qgvs 1
qgvs 1
qgvs 1
qgvs 1
qgvs 1
qgvs 1
qgvs 1
qgvs 1
qgvs 1
qgvs 1
qgvs 1
qgvs 1
qgvs 1
qgvs 1
qgvs 1
qgvs 1
qgvs 1
qgvs 1
qgvs 1
qgvs 1
qgvs 1
qgvs 1
qgvs 1
qgvs 1
qgvs 1
qgvs 1
qgvs 1
qgvs 1
qgvs 1
qgvs 1
qgvs 1
qgvs 1
qgvs 1
qgvs 1
qgvs 1
qgvs 1
qgvs 1
qgvs 1
qgvs 1
qgvs 1
qgvs 1
qgvs 1
qgvs 1
qgvs 1
qgvs 1
qgvs 1
qgvs 1
qgvs 1
qgvs 1
qgvs 1
qgvs 1
qgvs 1
qgvs 1
qgvs 1
qgvs 1
qgvs 1
qgvs 1
qgvs 1
qgvs 1
qgvs 1
qgvs 1
qgvs 1
qgvs 1
qgvs 1
qgvs 1
qgvs 1
qgvs 1
qgvs 1
qgvs 1
qgvs 1
qgvs 1
qgvs 1
qgvs 1
qgvs 1
qgvs 1
qgvs 1
qgvs 1
qgvs 1
qgvs 1
qgvs 1
qgvs 1
qgvs 1
qgvs 1
qgvs 1
qgvs 1
qgvs 1
qgvs 1
qgvs 1
qgvs 1
qgvs 1
qgvs 1
qgvs 1
qgvs 1
qgvs 1
qgvs 1
qgvs 1
qgvs 1
qgvs 1
qgvs 1
qgvs 1
qgvs 1
qgvs 1
qgvs 1
qgvs 1
qgvs 1
qgvs 1
qgvs 1
qgvs 1
qgvs 1
qgvs 1
qgvs 1
qgvs 1
qgvs 1
qgvs 1
qgvs 1
qgvs 1
qgvs 1
qgvs 1
qgvs 1
qgvs 1
qgvs 1
qgvs 1
qgvs 1
qgvs 1
qgvs 1
qgvs 1
qgvs 1
qgvs 1
qgvs 1
qgvs 1
qgvs 1
qgvs 1
qgvs 1
qgvs 1
qgvs 1
qgvs 1
qgvs 1
qgvs 1
qgvs 1
qgvs 1
qgvs 1
qgvs 1
qgvs 1
qgvs 1
qgvs 1
qgvs 1
qgvs 1
qgvs 1
qgvs 1
qgvs 1
qgvs 1
qgvs 1
qgvs 1
qgvs 1
qgvs 1
qgvs 1
qgvs 1
qgvs 1
qgvs 1
qgvs 1
qgvs 1
qgvs 1
qgvs 1
qgvs 1
qgvs 1
qgvs 1
qgvs 1
qgvs 1
qgvs 1
qgvs 1
qgvs 1
qgvs 1
qgvs 1
qgvs 1
qgvs 1
qgvs 1
qgvs 1
qgvs 1
qgvs 1
qgvs 1
qgvs 1
qgvs 1
qgvs 1
qgvs 1
qgvs 1
qgvs 1
qgvs 1
qgvs 1
qgvs 1
qgvs 1
qgvs 1
qgvs 1
qgvs 1
qgvs 1
qgvs 1
qgvs 1
qgvs 1
qgvs 1
qgvs 1
qgvs 1
qgvs 1
qgvs 1
qgvs 1
qgvs 1
qgvs 1
qgvs 1
qgvs 1
qgvs 1
qgvs 1
qgvs 1
qgvs 1
qgvs 1
qgvs 1
qgvs 1
qgvs 1
qgvs 1
qgvs 1
qgvs 1
qgvs 1
qgvs 1
qgvs 1
qgvs 1
qgvs 1
qgvs 1
qgvs 1
qgvs 1
qgvs 1
qgvs 1
qgvs 1
qgvs 1
qgvs 1
qgvs 1
qgvs 1
qgvs 1
qgvs 1
qgvs 1
qgvs 1
qgvs 1
qgvs 1
qgvs 1
qgvs 1
qgvs 1
qgvs 1
qgvs 1
qgvs 1
qgvs 1
qgvs 1
qgvs 1
qgvs 1
qgvs 1
qgvs 1
qgvs 1
qgvs 1
qgvs 1
qgvs 1
qgvs 1
qgvs 1
qgvs 1
qgvs 1
qgvs 1
qgvs 1
qgvs 1
qgvs 1
qgvs 1
qgvs 1
qgvs 1
qgvs 1
qgvs 1
qgvs 1
qgvs 1
qgvs 1
qgvs 1
qgvs 1
qgvs 1
qgvs 1
qgvs 1
qgvs 1
qgvs 1
qgvs 1
qgvs 1
qgvs 1
qgvs 1
qgvs 1
qgvs 1
qgvs 1
qgvs 1
qgvs 1
qgvs 1
qgvs 1
qgvs 1
qgvs 1
qgvs 1
qgvs 1
qgvs 1
qgvs 1
qgvs 1
qgvs 1
qgvs 1
qgvs 1
qgvs 1
qgvs 1
qgvs 1
qgvs 1
qgvs 1
qgvs 1
qgvs 1
qgvs 1
qgvs 1
qgvs 1
qgvs 1
qgvs 1
qgvs 1
qgvs 1
qgvs 1
qgvs 1
qgvs 1
qgvs 1
qgvs 1
qgvs 1
qgvs 1
qgvs 1
qgvs 1
qgvs 1
qgvs 1
qgvs 1
qgvs 1
qgvs 1
qgvs 1
qgvs 1
qgvs 1
qgvs 1
qgvs 1
qgvs 1
qgvs 1
qgvs 1
qgvs 1
qgvs 1
qgvs 1
qgvs 1
qgvs 1
qgvs 1
qgvs 1
qgvs 1
qgvs 1
qgvs 1
qgvs 1
qgvs 1
qgvs 1
qgvs 1
qgvs 1
qgvs 1
qgvs 1
qgvs 1
qgvs 1
qgvs 1
qgvs 1
qgvs 1
qgvs 1
qgvs 1
qgvs 1
qgvs 1
qgvs 1
qgvs 1
qgvs 1
qgvs 1
qgvs 1
qgvs 1
qgvs 1
qgvs 1
qgvs 1
qgvs 1
qgvs 1
qgvs 1
qgvs 1
qgvs 1
qgvs 1
qgvs 1
qgvs 1
qgvs 1
qgvs 1
qgvs 1
qgvs 1
qgvs 1
qgvs 1
qgvs 1
qgvs 1
qgvs 1
qgvs 1
qgvs 1
qgvs 1
qgvs 1
qgvs 1
qgvs 1
qgvs 1
qgvs 1
qgvs 1
qgvs 1
qgvs 1
qgvs 1
qgvs 1
qgvs 1
qgvs 1
qgvs 1
qgvs 1
qgvs 1
qgvs 1
qgvs 1
qgvs 1
qgvs 1
qgvs 1
qgvs 1
qgvs 1
qgvs 1
qgvs 1
qgvs 1
qgvs 1
qgvs 1
qgvs 1
qgvs 1
qgvs 1
qgvs 1
qgvs 1
qgvs 1
qgvs 1
qgvs 1
qgvs 1
qgvs 1
qgvs 1
qgvs 1
qgvs 1
qgvs 1
qgvs 1
qgvs 1
qgvs 1
qgvs 1
qgvs 1
qgvs 1
qgvs 1
qgvs 1
qgvs 1
qgvs 1
qgvs 1
qgvs 1
qgvs 1
qgvs 1
qgvs 1
qgvs 1
qgvs 1
qgvs 1
qgvs 1
qgvs 1
qgvs 1
qgvs 1
qgvs 1
qgvs 1
qgvs 1
qgvs 1
qgvs 1
qgvs 1
qgvs 1
qgvs 1
qgvs 1
qgvs 1
qgvs 1
qgvs 1
qgvs 1
qgvs 1
qgvs 1
qgvs 1
qgvs 1
qgvs 1
qgvs 1
qgvs 1
qgvs 1
qgvs 1
qgvs 1
qgvs 1
qgvs 1
qgvs 1
qgvs 1
qgvs 1
qgvs 1
qgvs 1
qgvs 1
qgvs 1
qgvs 1
qgvs 1
qgvs 1
qgvs 1
qgvs 1
qgvs 1
qgvs 1
qgvs 1
qgvs 1
qgvs 1
qgvs 1
qgvs 1
qgvs 1
qgvs 1
qgvs 1
qgvs 1
qgvs 1
qgvs 1
qgvs 1
qgvs 1
qgvs 1
qgvs 1
qgvs 1
qgvs 1
qgvs 1
qgvs 1
qgvs 1
qgvs 1
qgvs 1
qgvs 1
qgvs 1
qgvs 1
qgvs 1
qgvs 1
qgvs 1
qgvs 1
qgvs 1
qgvs 1
qgvs 1
qgvs 1
qgvs 1
qgvs 1
qgvs 1
qgvs 1
qgvs 1
qgvs 1
qgvs 1
qgvs 1
qgvs 1
qgvs 1
qgvs 1
qgvs 1
qgvs 1
qgvs 1
qgvs 1
qgvs 1
qgvs 1
qgvs 1
qgvs 1
qgvs 1
qgvs 1
qgvs 1
qgvs 1
qgvs 1
qgvs 1
qgvs 1
qgvs 1
qgvs 1
qgvs 1
qgvs 1
qgvs 1
qgvs 1
qgvs 1
qgvs 1
qgvs 1
qgvs 1
qgvs 1
qgvs 1
qgvs 1
qgvs 1
qgvs 1
qgvs 1
qgvs 1
qgvs 1
qgvs 1
qgvs 1
qgvs 1
qgvs 1
qgvs 1
qgvs 1
qgvs 1
qgvs 1
qgvs 1
qgvs 1
qgvs 1
qgvs 1
qgvs 1
qgvs 1
qgvs 1
qgvs 1
qgvs 1
qgvs 1
qgvs 1
qgvs 1
qgvs 1
qgvs 1
qgvs 1
qgvs 1
qgvs 1
qgvs 1
qgvs 1
qgvs 1
qgvs 1
qgvs 1
qgvs 1
qgvs 1
qgvs 1
qgvs 1
qgvs 1
qgvs 1
qgvs 1
qgvs 1
qgvs 1
qgvs 1
qgvs 1
qgvs 1
qgvs 1
qgvs 1
qgvs 1
qgvs 1
qgvs 1
qgvs 1
qgvs 1
qgvs 1
qgvs 1
qgvs 1
qgvs 1
qgvs 1
qgvs 1
qgvs 1
qgvs 1
qgvs 1
qgvs 1
qgvs 1
qgvs 1
qgvs 1
qgvs 1
qgvs 1
qgvs 1
qgvs 1
qgvs 1
qgvs 1
qgvs 1
qgvs 1
qgvs 1
qgvs 1
qgvs 1
qgvs 1
qgvs 1
qgvs 1
qgvs 1
qgvs 1
qgvs 1
qgvs 1
qgvs 1
qgvs 1
qgvs 1
qgvs 1
qgvs 1
qgvs 1
qgvs 1
qgvs 1
qgvs 1
qgvs 1
qgvs 1
qgvs 1
qgvs 1
qgvs 1
qgvs 1
qgvs 1
qgvs 1
qgvs 1
qgvs 1
qgvs 1
qgvs 1
qgvs 1
qgvs 1
qgvs 1
qgvs 1
qgvs 1
qgvs 1
qgvs 1
qgvs 1
qgvs 1
qgvs 1
qgvs 1
qgvs 1
qgvs 1
qgvs 1
qgvs 1
qgvs 1
qgvs 1
qgvs 1
qgvs 1
qgvs 1
qgvs 1
qgvs 1
qgvs 1
qgvs 1
qgvs 1
qgvs 1
qgvs 1
qgvs 1
qgvs 1
qgvs 1
qgvs 1
qgvs 1
qgvs 1
qgvs 1
qgvs 1
qgvs 1
qgvs 1
qgvs 1
qgvs 1
qgvs 1
qgvs 1
qgvs 1
qgvs 1
qgvs 1
qgvs 1
qgvs 1
qgvs 1
qgvs 1
qgvs 1
qgvs 1
qgvs 1
qgvs 1
qgvs 1
qgvs 1
qgvs 1
qgvs 1
qgvs 1
qgvs 1
qgvs 1
qgvs 1
qgvs 1
qgvs 1
qgvs 1
qgvs 1
qgvs 1
qgvs 1
qgvs 1
qgvs 1
qgvs 1
qgvs 1
qgvs 1
qgvs 1
qgvs 1
qgvs 1
qgvs 1
qgvs 1
qgvs 1
qgvs 1
qgvs 1
qgvs 1
qgvs 1
qgvs 1
qgvs 1
qgvs 1
qgvs 1
qgvs 1
qgvs 1
qgvs 1
qgvs 1
qgvs 1
qgvs 1
qgvs 1
qgvs 1
qgvs 1
qgvs 1
qgvs 1
qgvs 1
qgvs 1
qgvs 1
qgvs 1
qgvs 1
qgvs 1
qgvs 1
qgvs 1
qgvs 1
qgvs 1
qgvs 1
qgvs 1
qgvs 1
qgvs 1
qgvs 1
qgvs 1
qgvs 1
qgvs 1
qgvs 1
qgvs 1
qgvs 1
qgvs 1
qgvs 1
qgvs 1
qgvs 1
qgvs 1
qgvs 1
qgvs 1
qgvs 1
qgvs 1
qgvs 1
qgvs 1
qgvs 1
qgvs 1
qgvs 1
qgvs 1
qgvs 1
qgvs 1
qgvs 1
qgvs 1
qgvs 1
qgvs 1
qgvs 1
qgvs 1
qgvs 1
qgvs 1
qgvs 1
qgvs 1
qgvs 1
qgvs 1
qgvs 1
qgvs 1
qgvs 1
qgvs 1
qgvs 1
qgvs 1
qgvs 1
qgvs 1
qgvs 1
qgvs 1
qgvs 1
qgvs 1
qgvs 1
qgvs 1
qgvs 1
qgvs 1
qgvs 1
qgvs 1
qgvs 1
qgvs 1
qgvs 1
qgvs 1
qgvs 1
qgvs 1
qgvs 1
qgvs 1
qgvs 1
qgvs 1
qgvs 1
qgvs 1
qgvs 1
qgvs 1
qgvs 1
qgvs 1
qgvs 1
qgvs 1
qgvs 1
qgvs 1
qgvs 1
qgvs 1
qgvs 1
qgvs 1
qgvs 1
qgvs 1
qgvs 1
qgvs 1
qgvs 1
qgvs 1
qgvs 1
qgvs 1
qgvs 1
qgvs 1
qgvs 1
qgvs 1
qgvs 1
qgvs 1
qgvs 1
qgvs 1
qgvs 1
qgvs 1
qgvs 1
qgvs 1
qgvs 1
qgvs 1
qgvs 1
qgvs 1
qgvs 1
qgvs 1
qgvs 1
qgvs 1
qgvs 1
qgvs 1
qgvs 1
qgvs 1
qgvs 1
qgvs 1
qgvs 1
qgvs 1
qgvs 1
qgvs 1
qgvs 1
qgvs 1
qgvs 1
qgvs 1
qgvs 1
qgvs 1
qgvs 1
qgvs 1
qgvs 1
qgvs 1
qgvs 1
qgvs 1
qgvs 1
qgvs 1
qgvs 1
qgvs 1
qgvs 1
qgvs 1
qgvs 1
qgvs 1
qgvs 1
qgvs 1
qgvs 1
qgvs 1
qgvs 1
qgvs 1
qgvs 1
qgvs 1
qgvs 1
qgvs 1
qgvs 1
qgvs 1
qgvs 1
qgvs 1
qgvs 1
qgvs 1
qgvs 1
qgvs 1
qgvs 1
qgvs 1
qgvs 1
qgvs 1
qgvs 1
qgvs 1
qgvs 1
qgvs 1
qgvs 1
qgvs 1
qgvs 1
qgvs 1
qgvs 1
qgvs 1
qgvs 1
qgvs 1
qgvs 1
qgvs 1
qgvs 1
qgvs 1
qgvs 1
qgvs 1
qgvs 1
qgvs 1
qgvs 1
qgvs 1
qgvs 1
qgvs 1
qgvs 1
qgvs 1
qgvs 1
qgvs 1
qgvs 1
qgvs 1
qgvs 1
qgvs 1
qgvs 1
qgvs 1
qgvs 1
qgvs 1
qgvs 1
qgvs 1
qgvs 1
qgvs 1
qgvs 1
qgvs 1
qgvs 1
qgvs 1
qgvs 1
qgvs 1
qgvs 1
qgvs 1
qgvs 1
qgvs 1
qgvs 1
qgvs 1
qgvs 1
qgvs 1
qgvs 1
qgvs 1
qgvs 1
qgvs 1
qgvs 1
qgvs 1
qgvs 1
qgvs 1
qgvs 1
qgvs 1
qgvs 1
qgvs 1
qgvs 1
qgvs 1
qgvs 1
qgvs 1
qgvs 1
qgvs 1
qgvs 1
qgvs 1
qgvs 1
qgvs 1
qgvs 1
qgvs 1
qgvs 1
qgvs 1
qgvs 1
qgvs 1
qgvs 1
qgvs 1
qgvs 1
qgvs 1
qgvs 1
qgvs 1
qgvs 1
qgvs 1
qgvs 1
qgvs 1
qgvs 1
qgvs 1
qgvs 1
qgvs 1
qgvs 1
qgvs 1
qgvs 1
qgvs 1
qgvs 1
qgvs 1
qgvs 1
qgvs 1
qgvs 1
qgvs 1
qgvs 1
qgvs 1
qgvs 1
qgvs 1
qgvs 1
qgvs 1
qgvs 1
qgvs 1
qgvs 1
qgvs 1
qgvs 1
qgvs 1
qgvs 1
qgvs 1
qgvs 1
qgvs 1
qgvs 1
qgvs 1
qgvs 1
qgvs 1
qgvs 1
qgvs 1
qgvs 1
qgvs 1
qgvs 1
qgvs 1
qgvs 1
qgvs 1
qgvs 1
qgvs 1
qgvs 1
qgvs 1
qgvs 1
qgvs 1
qgvs 1
qgvs 1
qgvs 1
qgvs 1
qgvs 1
qgvs 1
qgvs 1
qgvs 1
qgvs 1
qgvs 1
qgvs 1
qgvs 1
qgvs 1
qgvs 1
qgvs 1
qgvs 1
qgvs 1
qgvs 1
qgvs 1
qgvs 1
qgvs 1
qgvs 1
qgvs 1
qgvs 1
qgvs 1
qgvs 1
qgvs 1
qgvs 1
qgvs 1
qgvs 1
qgvs 1
qgvs 1
qgvs 1
qgvs 1
qgvs 1
qgvs 1
qgvs 1
qgvs 1
qgvs 1
qgvs 1
qgvs 1
qgvs 1
qgvs 1
qgvs 1
qgvs 1
qgvs 1
qgvs 1
qgvs 1
qgvs 1
qgvs 1
qgvs 1
qgvs 1
qgvs 1
qgvs 1
qgvs 1
qgvs 1
qgvs 1
qgvs 1
qgvs 1
qgvs 1
qgvs 1
qgvs 1
qgvs 1
qgvs 1
qgvs 1
qgvs 1
qgvs 1
qgvs 1
qgvs 1
qgvs 1
qgvs 1
qgvs 1
qgvs 1
qgvs 1
qgvs 1
qgvs 1
qgvs 1
qgvs 1
qgvs 1
qgvs 1
qgvs 1
qgvs 1
qgvs 1
qgvs 1
qgvs 1
qgvs 1
qgvs 1
qgvs 1
qgvs 1
qgvs 1
qgvs 1
qgvs 1
qgvs 1
qgvs 1
qgvs 1
qgvs 1
qgvs 1
qgvs 1
qgvs 1
qgvs 1
qgvs 1
qgvs 1
qgvs 1
qgvs 1
qgvs 1
qgvs 1
qgvs 1
qgvs 1
qgvs 1
qgvs 1
qgvs 1
qgvs 1
qgvs 1
qgvs 1
qgvs 1
qgvs 1
qgvs 1
qgvs 1
qgvs 1
qgvs 1
qgvs 1
qgvs 1
qgvs 1
qgvs 1
qgvs 1
qgvs 1
qgvs 1
qgvs 1
qgvs 1
qgvs 1
qgvs 1
qgvs 1
qgvs 1
qgvs 1
qgvs 1
qgvs 1
qgvs 1
qgvs 1
qgvs 1
qgvs 1
qgvs 1
qgvs 1
qgvs 1
qgvs 1
qgvs 1
qgvs 1
qgvs 1
qgvs 1
qgvs 1
qgvs 1
qgvs 1
qgvs 1
qgvs 1
qgvs 1
qgvs 1
qgvs 1
qgvs 1
qgvs 1
qgvs 1
qgvs 1
qgvs 1
qgvs 1
qgvs 1
qgvs 1
qgvs 1
qgvs 1
qgvs 1
qgvs 1
qgvs 1
qgvs 1
qgvs 1
qgvs 1
qgvs 1
qgvs 1
qgvs 1
qgvs 1
qgvs 1
qgvs 1
qgvs 1
qgvs 1
qgvs 1
qgvs 1
qgvs 1
qgvs 1
qgvs 1
qgvs 1
qgvs 1
qgvs 1
qgvs 1
qgvs 1
qgvs 1
qgvs 1
qgvs 1
qgvs 1
qgvs 1
qgvs 1
qgvs 1
qgvs 1
qgvs 1
qgvs 1
qgvs 1
qgvs 1
qgvs 1
qgvs 1
qgvs 1
qgvs 1
qgvs 1
qgvs 1
qgvs 1
qgvs 1
qgvs 1
qgvs 1
qgvs 1
qgvs 1
qgvs 1
qgvs 1
qgvs 1
qgvs 1
qgvs 1
qgvs 1
qgvs 1
qgvs 1
qgvs 1
qgvs 1
qgvs 1
qgvs 1
qgvs 1
qgvs 1
qgvs 1
qgvs 1
qgvs 1
qgvs 1
qgvs 1
qgvs 1
qgvs 1
qgvs 1
qgvs 1
qgvs 1
qgvs 1
qgvs 1
qgvs 1
qgvs 1
qgvs 1
qgvs 1
qgvs 1
qgvs 1
qgvs 1
qgvs 1
qgvs 1
qgvs 1
qgvs 1
qgvs 1
qgvs 1
qgvs 1
qgvs 1
qgvs 1
qgvs 1
qgvs 1
qgvs 1
qgvs 1
qgvs 1
qgvs 1
qgvs 1
qgvs 1
qgvs 1
qgvs 1
qgvs 1
qgvs 1
qgvs 1
qgvs 1
qgvs 1
qgvs 1
qgvs 1
qgvs 1
qgvs 1
qgvs 1
qgvs 1
qgvs 1
qgvs 1
qgvs 1
qgvs 1
qgvs 1
qgvs 1
qgvs 1
qgvs 1
qgvs 1
qgvs 1
qgvs 1
qgvs 1
qgvs 1
qgvs 1
qgvs 1
qgvs 1
qgvs 1
qgvs 1
qgvs 1
qgvs 1
qgvs 1
qgvs 1
qgvs 1
qgvs 1
qgvs 1
qgvs 1
qgvs 1
qgvs 1
qgvs 1
qgvs 1
qgvs 1
qgvs 1
qgvs 1
qgvs 1
qgvs 1
qgvs 1
qgvs 1
qgvs 1
qgvs 1
qgvs 1
qgvs 1
qgvs 1
qgvs 1
qgvs 1
qgvs 1
qgvs 1
qgvs 1
qgvs 1
qgvs 1
qgvs 1
qgvs 1
qgvs 1
qgvs 1
qgvs 1
qgvs 1
qgvs 1
qgvs 1
qgvs 1
qgvs 1
qgvs 1
qgvs 1
qgvs 1
qgvs 1
qgvs 1
qgvs 1
qgvs 1
qgvs 1
qgvs 1
qgvs 1
qgvs 1
qgvs 1
qgvs 1
qgvs 1
qgvs 1
qgvs 1
qgvs 1
qgvs 1
qgvs 1
qgvs 1
qgvs 1
qgvs 1
qgvs 1
qgvs 1
qgvs 1
qgvs 1
qgvs 1
qgvs 1
qgvs 1
qgvs 1
qgvs 1
qgvs 1
qgvs 1
qgvs 1
qgvs 1
qgvs 1
qgvs 1
qgvs 1
qgvs 1
qgvs 1
qgvs 1
qgvs 1
qgvs 1
qgvs 1
qgvs 1
qgvs 1
qgvs 1
qgvs 1
qgvs 1
qgvs 1
qgvs 1
qgvs 1
qgvs 1
qgvs 1
qgvs 1
qgvs 1
qgvs 1
qgvs 1
qgvs 1
qgvs 1
qgvs 1
qgvs 1
qgvs 1
qgvs 1
qgvs 1
qgvs 1
qgvs 1
qgvs 1
qgvs 1
qgvs 1
qgvs 1
qgvs 1
qgvs 1
qgvs 1
qgvs 1
qgvs 1
qgvs 1
qgvs 1
qgvs 1
qgvs 1
qgvs 1
qgvs 1
qgvs 1
qgvs 1
qgvs 1
qgvs 1
qgvs 1
qgvs 1
qgvs 1
qgvs 1
qgvs 1
qgvs 1
qgvs 1
qgvs 1
qgvs 1
qgvs 1
qgvs 1
qgvs 1
qgvs 1
qgvs 1
qgvs 1
qgvs 1
qgvs 1
qgvs 1
qgvs 1
qgvs 1
qgvs 1
qgvs 1
qgvs 1
qgvs 1
qgvs 1
qgvs 1
qgvs 1
qgvs 1
qgvs 1
qgvs 1
qgvs 1
qgvs 1
qgvs 1
qgvs 1
qgvs 1
qgvs 1
qgvs 1
qgvs 1
qgvs 1
qgvs 1
qgvs 1
qgvs 1
qgvs 1
qgvs 1
qgvs 1
qgvs 1
qgvs 1
qgvs 1
qgvs 1
qgvs 1
qgvs 1
qgvs 1
qgvs 1
qgvs 1
qgvs 1
qgvs 1
qgvs 1
qgvs 1
qgvs 1
qgvs 1
qgvs 1
qgvs 1
qgvs 1
qgvs 1
qgvs 1
qgvs 1
qgvs 1
qgvs 1
qgvs 1
qgvs 1
qgvs 1
qgvs 1
qgvs 1
qgvs 1
qgvs 1
qgvs 1
qgvs 1
qgvs 1
qgvs 1
qgvs 1
qgvs 1
qgvs 1
qgvs 1
qgvs 1
qgvs 1
qgvs 1
qgvs 1
qgvs 1
qgvs 1
qgvs 1
qgvs 1
qgvs 1
qgvs 1
qgvs 1
qgvs 1
qgvs 1
qgvs 1
qgvs 1
qgvs 1
qgvs 1
qgvs 1
qgvs 1
qgvs 1
qgvs 1
qgvs 1
qgvs 1
qgvs 1
qgvs 1
qgvs 1
qgvs 1
qgvs 1
qgvs 1
qgvs 1
qgvs 1
qgvs 1
qgvs 1
qgvs 1
qgvs 1
qgvs 1
qgvs 1
qgvs 1
qgvs 1
qgvs 1
qgvs 1
qgvs 1
qgvs 1
qgvs 1
qgvs 1
qgvs 1
qgvs 1
qgvs 1
qgvs 1
qgvs 1
qgvs 1
qgvs 1
qgvs 1
qgvs 1
qgvs 1
qgvs 1
qgvs 1
qgvs 1
qgvs 1
qgvs 1
qgvs 1
qgvs 1
qgvs 1
qgvs 1
qgvs 1
qgvs 1
qgvs 1
qgvs 1
qgvs 1
qgvs 1
qgvs 1
qgvs 1
qgvs 1
qgvs 1
qgvs 1
qgvs 1
qgvs 1
qgvs 1
qgvs 1
qgvs 1
qgvs 1
qgvs 1
qgvs 1
qgvs 1
qgvs 1
qgvs 1
qgvs 1
qgvs 1
qgvs 1
qgvs 1
qgvs 1
qgvs 1
qgvs 1
qgvs 1
qgvs 1
qgvs 1
qgvs 1
qgvs 1
qgvs 1
qgvs 1
qgvs 1
qgvs 1
qgvs 1
qgvs 1
qgvs 1
qgvs 1
qgvs 1
qgvs 1
qgvs 1
qgvs 1
qgvs 1
qgvs 1
qgvs 1
qgvs 1
qgvs 1
qgvs 1
qgvs 1
qgvs 1
qgvs 1
qgvs 1
qgvs 1
qgvs 1
qgvs 1
qgvs 1
qgvs 1
qgvs 1
qgvs 1
qgvs 1
qgvs 1
qgvs 1
qgvs 1
qgvs 1
qgvs 1
qgvs 1
qgvs 1
qgvs 1
qgvs 1
qgvs 1
qgvs 1
qgvs 1
qgvs 1
qgvs 1
qgvs 1
qgvs 1
qgvs 1
qgvs 1
qgvs 1
qgvs 1
qgvs 1
qgvs 1
qgvs 1
qgvs 1
qgvs 1
qgvs 1
qgvs 1
qgvs 1
qgvs 1
qgvs 1
qgvs 1
qgvs 1
qgvs 1
qgvs 1
qgvs 1
qgvs 1
qgvs 1
qgvs 1
qgvs 1
qgvs 1
qgvs 1
qgvs 1
qgvs 1
qgvs 1
qgvs 1
qgvs 1
qgvs 1
qgvs 1
qgvs 1
qgvs 1
qgvs 1
qgvs 1
qgvs 1
qgvs 1
qgvs 1
qgvs 1
qgvs 1
qgvs 1
qgvs 1
qgvs 1
qgvs 1
qgvs 1
qgvs 1
qgvs 1
qgvs 1
qgvs 1
qgvs 1
qgvs 1
qgvs 1
qgvs 1
qgvs 1
qgvs 1
qgvs 1
qgvs 1
qgvs 1
qgvs 1
qgvs 1
qgvs 1
qgvs 1
qgvs 1
qgvs 1
qgvs 1
qgvs 1
qgvs 1
qgvs 1
qgvs 1
qgvs 1
qgvs 1
qgvs 1
qgvs 1
qgvs 1
qgvs 1
qgvs 1
qgvs 1
qgvs 1
qgvs 1
qgvs 1
qgvs 1
qgvs 1
qgvs 1
qgvs 1
qgvs 1
qgvs 1
qgvs 1
qgvs 1
qgvs 1
qgvs 1
qgvs 1
qgvs 1
qgvs 1
qgvs 1
qgvs 1
qgvs 1
qgvs 1
qgvs 1
qgvs 1
qgvs 1
qgvs 1
qgvs 1
qgvs 1
qgvs 1
qgvs 1
qgvs 1
qgvs 1
qgvs 1
qgvs 1
qgvs 1
qgvs 1
qgvs 1
qgvs 1
qgvs 1
qgvs 1
qgvs 1
qgvs 1
qgvs 1
qgvs 1
qgvs 1
qgvs 1
qgvs 1
qgvs 1
qgvs 1
qgvs 1
qgvs 1
qgvs 1
qgvs 1
qgvs 1
qgvs 1
qgvs 1
qgvs 1
qgvs 1
qgvs 1
qgvs 1
qgvs 1
qgvs 1
qgvs 1
qgvs 1
qgvs 1
qgvs 1
qgvs 1
qgvs 1
qgvs 1
qgvs 1
qgvs 1
qgvs 1
qgvs 1
qgvs 1
qgvs 1
qgvs 1
qgvs 1
qgvs 1
qgvs 1
qgvs 1
qgvs 1
qgvs 1
qgvs 1
qgvs 1
qgvs 1
qgvs 1
qgvs 1
qgvs 1
qgvs 1
qgvs 1
qgvs 1
qgvs 1
qgvs 1
qgvs 1
qgvs 1
qgvs 1
qgvs 1
qgvs 1
qgvs 1
qgvs 1
qgvs 1
qgvs 1
qgvs 1
qgvs 1
qgvs 1
qgvs 1
qgvs 1
qgvs 1
qgvs 1
qgvs 1
qgvs 1
qgvs 1
qgvs 1
qgvs 1
qgvs 1
qgvs 1
qgvs 1
qgvs 1
qgvs 1
qgvs 1
qgvs 1
qgvs 1
qgvs 1
qgvs 1
qgvs 1
qgvs 1
qgvs 1
qgvs 1
qgvs 1
qgvs 1
qgvs 1
qgvs 1
qgvs 1
qgvs 1
qgvs 1
qgvs 1
qgvs 1
qgvs 1
qgvs 1
qgvs 1
qgvs 1
qgvs 1
qgvs 1
qgvs 1
qgvs 1
qgvs 1
qgvs 1
qgvs 1
qgvs 1
qgvs 1
qgvs 1
qgvs 1
qgvs 1
qgvs 1
qgvs 1
qgvs 1
qgvs 1
qgvs 1
qgvs 1
qgvs 1
qgvs 1
qgvs 1
qgvs 1
qgvs 1
qgvs 1
qgvs 1
qgvs 1
qgvs 1
qgvs 1
qgvs 1
qgvs 1
qgvs 1
qgvs 1
qgvs 1
qgvs 1
qgvs 1
qgvs 1
qgvs 1
qgvs 1
qgvs 1
qgvs 1
qgvs 1
qgvs 1
qgvs 1
qgvs 1
qgvs 1
qgvs 1
qgvs 1
qgvs 1
qgvs 1
qgvs 1
qgvs 1
qgvs 1
qgvs 1
qgvs 1
qgvs 1
qgvs 1
qgvs 1
qgvs 1
qgvs 1
qgvs 1
qgvs 1
qgvs 1
qgvs 1
qgvs 1
qgvs 1
qgvs 1
qgvs 1
qgvs 1
qgvs 1
qgvs 1
qgvs 1
qgvs 1
qgvs 1
qgvs 1
qgvs 1
qgvs 1
qgvs 1
qgvs 1
qgvs 1
qgvs 1
qgvs 1
qgvs 1
qgvs 1
qgvs 1
qgvs 1
qgvs 1
qgvs 1
qgvs 1
qgvs 1
qgvs 1
qgvs 1
qgvs 1
qgvs 1
qgvs 1
qgvs 1
qgvs 1
qgvs 1
qgvs 1
qgvs 1
qgvs 1
qgvs 1
qgvs 1
qgvs 1
qgvs 1
qgvs 1
qgvs 1
qgvs 1
qgvs 1
qgvs 1
qgvs 1
qgvs 1
qgvs 1
qgvs 1
qgvs 1
qgvs 1
qgvs 1
qgvs 1
qgvs 1
qgvs 1
qgvs 1
qgvs 1
qgvs 1
qgvs 1
qgvs 1
qgvs 1
qgvs 1
qgvs 1
qgvs 1
qgvs 1
qgvs 1
qgvs 1
qgvs 1
qgvs 1
qgvs 1
qgvs 1
qgvs 1
qgvs 1
qgvs 1
qgvs 1
qgvs 1
qgvs 1
qgvs 1
qgvs 1
qgvs 1
qgvs 1
qgvs 1
qgvs 1
qgvs 1
qgvs 1
qgvs 1
qgvs 1
qgvs 1
qgvs 1
qgvs 1
qgvs 1
qgvs 1
qgvs 1
qgvs 1
qgvs 1
qgvs 1
qgvs 1
qgvs 1
qgvs 1
qgvs 1
qgvs 1
qgvs 1
qgvs 1
qgvs 1
qgvs 1
qgvs 1
qgvs 1
qgvs 1
qgvs 1
qgvs 1
qgvs 1
qgvs 1
qgvs 1
qgvs 1
qgvs 1
qgvs 1
qgvs 1
qgvs 1
qgvs 1
qgvs 1
qgvs 1
qgvs 1
qgvs 1
qgvs 1
qgvs 1
qgvs 1
qgvs 1
qgvs 1
qgvs 1
qgvs 1
qgvs 1
qgvs 1
qgvs 1
qgvs 1
qgvs 1
qgvs 1
qgvs 1
qgvs 1
qgvs 1
qgvs 1
qgvs 1
qgvs 1
qgvs 1
qgvs 1
qgvs 1
qgvs 1
qgvs 1
qgvs 1
qgvs 1
qgvs 1
qgvs 1
qgvs 1
qgvs 1
qgvs 1
qgvs 1
qgvs 1
qgvs 1
qgvs 1
qgvs 1
qgvs 1
qgvs 1
qgvs 1
qgvs 1
qgvs 1
qgvs 1
qgvs 1
qgvs 1
qgvs 1
qgvs 1
qgvs 1
qgvs 1
qgvs 1
qgvs 1
qgvs 1
qgvs 1
qgvs 1
qgvs 1
qgvs 1
qgvs 1
qgvs 1
qgvs 1
qgvs 1
qgvs 1
qgvs 1
qgvs 1
qgvs 1
qgvs 1
qgvs 1
qgvs 1
qgvs 1
qgvs 1
qgvs 1
qgvs 1
qgvs 1
qgvs 1
qgvs 1
qgvs 1
qgvs 1
qgvs 1
qgvs 1
qgvs 1
qgvs 1
qgvs 1
qgvs 1
qgvs 1
qgvs 1
qgvs 1
qgvs 1
qgvs 1
qgvs 1
qgvs 1
qgvs 1
qgvs 1
qgvs 1
qgvs 1
qgvs 1
qgvs 1
qgvs 1
qgvs 1
qgvs 1
qgvs 1
qgvs 1
qgvs 1
qgvs 1
qgvs 1
qgvs 1
qgvs 1
qgvs 1
qgvs 1
qgvs 1
qgvs 1
qgvs 1
qgvs 1
qgvs 1
qgvs 1
qgvs 1
qgvs 1
qgvs 1
qgvs 1
qgvs 1
qgvs 1
qgvs 1
qgvs 1
qgvs 1
qgvs 1
qgvs 1
qgvs 1
qgvs 1
qgvs 1
qgvs 1
qgvs 1
qgvs 1
qgvs 1
qgvs 1
qgvs 1
qgvs 1
qgvs 1
qgvs 1
qgvs 1
qgvs 1
qgvs 1
qgvs 1
qgvs 1
qgvs 1
qgvs 1
qgvs 1
qgvs 1
qgvs 1
qgvs 1
qgvs 1
qgvs 1
qgvs 1
qgvs 1
qgvs 1
qgvs 1
qgvs 1
qgvs 1
qgvs 1
qgvs 1
qgvs 1
qgvs 1
qgvs 1
qgvs 1
qgvs 1
qgvs 1
qgvs 1
qgvs 1
qgvs 1
qgvs 1
qgvs 1
qgvs 1
qgvs 1
qgvs 1
qgvs 1
qgvs 1
qgvs 1
qgvs 1
qgvs 1
qgvs 1
qgvs 1
qgvs 1
qgvs 1
qgvs 1
qgvs 1
qgvs 1
qgvs 1
qgvs 1
qgvs 1
qgvs 1
qgvs 1
qgvs 1
qgvs 1
qgvs 1
qgvs 1
qgvs 1
qgvs 1
qgvs 1
qgvs 1
qgvs 1
qgvs 1
qgvs 1
qgvs 1
qgvs 1
qgvs 1
qgvs 1
qgvs 1
qgvs 1
qgvs 1
qgvs 1
qgvs 1
qgvs 1
qgvs 1
qgvs 1
qgvs 1
qgvs 1
qgvs 1
qgvs 1
qgvs 1
qgvs 1
qgvs 1
qgvs 1
qgvs 1
qgvs 1
qgvs 1
qgvs 1
qgvs 1
qgvs 1
qgvs 1
qgvs 1
qgvs 1
qgvs 1
qgvs 1
qgvs 1
qgvs 1
qgvs 1
qgvs 1
qgvs 1
qgvs 1
qgvs 1
qgvs 1
qgvs 1
qgvs 1
qgvs 1
qgvs 1
qgvs 1
qgvs 1
qgvs 1
qgvs 1
qgvs 1
qgvs 1
qgvs 1
qgvs 1
qgvs 1
qgvs 1
qgvs 1
qgvs 1
qgvs 1
qgvs 1
qgvs 1
qgvs 1
qgvs 1
qgvs 1
qgvs 1
qgvs 1
qgvs 1
qgvs 1
qgvs 1
qgvs 1
qgvs 1
qgvs 1
qgvs 1
qgvs 1
qgvs 1
qgvs 1
qgvs 1
qgvs 1
qgvs 1
qgvs 1
qgvs 1
qgvs 1
qgvs 1
qgvs 1
qgvs 1
qgvs 1
qgvs 1
qgvs 1
qgvs 1
qgvs 1
qgvs 1
qgvs 1
qgvs 1
qgvs 1
qgvs 1
qgvs 1
qgvs 1
qgvs 1
qgvs 1
qgvs 1
qgvs 1
qgvs 1
qgvs 1
qgvs 1
qgvs 1
qgvs 1
qgvs 1
qgvs 1
qgvs 1
qgvs 1
qgvs 1
qgvs 1
qgvs 1
qgvs 1
qgvs 1
qgvs 1
qgvs 1
qgvs 1
qgvs 1
qgvs 1
qgvs 1
qgvs 1
qgvs 1
qgvs 1
qgvs 1
qgvs 1
qgvs 1
qgvs 1
qgvs 1
qgvs 1
qgvs 1
qgvs 1
qgvs 1
qgvs 1
qgvs 1
qgvs 1
qgvs 1
qgvs 1
qgvs 1
qgvs 1
qgvs 1
qgvs 1
qgvs 1
qgvs 1
qgvs 1
qgvs 1
qgvs 1
qgvs 1
qgvs 1
qgvs 1
qgvs 1
qgvs 1
qgvs 1
qgvs 1
qgvs 1
qgvs 1
qgvs 1
qgvs 1
qgvs 1
qgvs 1
qgvs 1
qgvs 1
qgvs 1
qgvs 1
qgvs 1
qgvs 1
qgvs 1
qgvs 1
qgvs 1
qgvs 1
qgvs 1
qgvs 1
qgvs 1
qgvs 1
qgvs 1
qgvs 1
qgvs 1
qgvs 1
qgvs 1
qgvs 1
qgvs 1
qgvs 1
qgvs 1
qgvs 1
qgvs 1
qgvs 1
qgvs 1
qgvs 1
qgvs 1
qgvs 1
qgvs 1
qgvs 1
qgvs 1
qgvs 1
qgvs 1
qgvs 1
qgvs 1
qgvs 1
qgvs 1
qgvs 1
qgvs 1
qgvs 1
qgvs 1
qgvs 1
qgvs 1
qgvs 1
qgvs 1
qgvs 1
qgvs 1
qgvs 1
qgvs 1
qgvs 1
qgvs 1
qgvs 1
qgvs 1
qgvs 1
qgvs 1
qgvs 1
qgvs 1
qgvs 1
qgvs 1
qgvs 1
qgvs 1
qgvs 1
qgvs 1
qgvs 1
qgvs 1
qgvs 1
qgvs 1
qgvs 1
qgvs 1
qgvs 1
qgvs 1
qgvs 1
qgvs 1
qgvs 1
qgvs 1
qgvs 1
qgvs 1
qgvs 1
qgvs 1
qgvs 1
qgvs 1
qgvs 1
qgvs 1
qgvs 1
qgvs 1
qgvs 1
qgvs 1
qgvs 1
qgvs 1
qgvs 1
qgvs 1
qgvs 1
qgvs 1
qgvs 1
qgvs 1
qgvs 1
qgvs 1
qgvs 1
qgvs 1
qgvs 1
qgvs 1
qgvs 1
qgvs 1
qgvs 1
qgvs 1
qgvs 1
qgvs 1
qgvs 1
qgvs 1
qgvs 1
qgvs 1
qgvs 1
qgvs 1
qgvs 1
qgvs 1
qgvs 1
qgvs 1
qgvs 1
qgvs 1
qgvs 1
qgvs 1
qgvs 1
qgvs 1
qgvs 1
qgvs 1
qgvs 1
qgvs 1
qgvs 1
qgvs 1
qgvs 1
qgvs 1
qgvs 1
qgvs 1
qgvs 1
qgvs 1
qgvs 1
qgvs 1
qgvs 1
qgvs 1
qgvs 1
qgvs 1
qgvs 1
qgvs 1
qgvs 1
qgvs 1
qgvs 1
qgvs 1
qgvs 1
qgvs 1
qgvs 1
qgvs 1
qgvs 1
qgvs 1
qgvs 1
qgvs 1
qgvs 1
qgvs 1
qgvs 1
qgvs 1
qgvs 1
qgvs 1
qgvs 1
qgvs 1
qgvs 1
qgvs 1
qgvs 1
qgvs 1
qgvs 1
qgvs 1
qgvs 1
qgvs 1
qgvs 1
qgvs 1
qgvs 1
qgvs 1
qgvs 1
qgvs 1
qgvs 1
qgvs 1
qgvs 1
qgvs 1
qgvs 1
qgvs 1
qgvs 1
qgvs 1
qgvs 1
qgvs 1
qgvs 1
qgvs 1
qgvs 1
qgvs 1
qgvs 1
qgvs 1
qgvs 1
qgvs 1
qgvs 1
qgvs 1
qgvs 1
qgvs 1
qgvs 1
qgvs 1
qgvs 1
qgvs 1
qgvs 1
qgvs 1
qgvs 1
qgvs 1
qgvs 1
qgvs 1
qgvs 1
qgvs 1
qgvs 1
qgvs 1
qgvs 1
qgvs 1
qgvs 1
qgvs 1
qgvs 1
qgvs 1
qgvs 1
qgvs 1
qgvs 1
qgvs 1
qgvs 1
qgvs 1
qgvs 1
qgvs 1
qgvs 1
qgvs 1
qgvs 1
qgvs 1
qgvs 1
qgvs 1
qgvs 1
qgvs 1
qgvs 1
qgvs 1
qgvs 1
qgvs 1
qgvs 1
qgvs 1
qgvs 1
qgvs 1
qgvs 1
qgvs 1
qgvs 1
qgvs 1
qgvs 1
qgvs 1
qgvs 1
qgvs 1
qgvs 1
qgvs 1
qgvs 1
qgvs 1
qgvs 1
qgvs 1
qgvs 1
qgvs 1
qgvs 1
qgvs 1
qgvs 1
qgvs 1
qgvs 1
qgvs 1
qgvs 1
qgvs 1
qgvs 1
qgvs 1
qgvs 1
qgvs 1
qgvs 1
qgvs 1
qgvs 1
qgvs 1
qgvs 1
qgvs 1
qgvs 1
qgvs 1
qgvs 1
qgvs 1
qgvs 1
qgvs 1
qgvs 1
qgvs 1
qgvs 1
qgvs 1
qgvs 1
qgvs 1
qgvs 1
qgvs 1
qgvs 1
qgvs 1
qgvs 1
qgvs 1
qgvs 1
qgvs 1
qgvs 1
qgvs 1
qgvs 1
qgvs 1
qgvs 1
qgvs 1
qgvs 1
qgvs 1
qgvs 1
qgvs 1
qgvs 1
qgvs 1
qgvs 1
qgvs 1
qgvs 1
qgvs 1
qgvs 1
qgvs 1
qgvs 1
qgvs 1
qgvs 1
qgvs 1
qgvs 1
qgvs 1
qgvs 1
qgvs 1
qgvs 1
qgvs 1
qgvs 1
qgvs 1
qgvs 1
qgvs 1
qgvs 1
qgvs 1
qgvs 1
qgvs 1
qgvs 1
qgvs 1
qgvs 1
qgvs 1
qgvs 1
qgvs 1
qgvs 1
qgvs 1
qgvs 1
qgvs 1
qgvs 1
qgvs 1
qgvs 1
qgvs 1
qgvs 1
qgvs 1
qgvs 1
qgvs 1
qgvs 1
qgvs 1
qgvs 1
qgvs 1
qgvs 1
qgvs 1
qgvs 1
qgvs 1
qgvs 1
qgvs 1
qgvs 1
qgvs 1
qgvs 1
qgvs 1
qgvs 1
qgvs 1
qgvs 1
qgvs 1
qgvs 1
qgvs 1
qgvs 1
qgvs 1
qgvs 1
qgvs 1
qgvs 1
qgvs 1
qgvs 1
qgvs 1
qgvs 1
qgvs 1
qgvs 1
qgvs 1
qgvs 1
qgvs 1
qgvs 1
qgvs 1
qgvs 1
qgvs 1
qgvs 1
qgvs 1
qgvs 1
qgvs 1
qgvs 1
qgvs 1
qgvs 1
qgvs 1
qgvs 1
qgvs 1
qgvs 1
qgvs 1
qgvs 1
qgvs 1
qgvs 1
qgvs 1
qgvs 1
qgvs 1
qgvs 1
qgvs 1
qgvs 1
qgvs 1
qgvs 1
qgvs 1
qgvs 1
qgvs 1
qgvs 1
qgvs 1
qgvs 1
qgvs 1
qgvs 1
qgvs 1
qgvs 1
qgvs 1
qgvs 1
qgvs 1
qgvs 1
qgvs 1
qgvs 1
qgvs 1
qgvs 1
qgvs 1
qgvs 1
qgvs 1
qgvs 1
qgvs 1
qgvs 1
qgvs 1
qgvs 1
qgvs 1
qgvs 1
qgvs 1
qgvs 1
qgvs 1
qgvs 1
qgvs 1
qgvs 1
qgvs 1
qgvs 1
qgvs 1
qgvs 1
qgvs 1
qgvs 1
qgvs 1
qgvs 1
qgvs 1
qgvs 1
qgvs 1
qgvs 1
qgvs 1
qgvs 1
qgvs 1
qgvs 1
qgvs 1
qgvs 1
qgvs 1
qgvs 1
qgvs 1
qgvs 1
qgvs 1
qgvs 1
qgvs 1
qgvs 1
qgvs 1
qgvs 1
qgvs 1
qgvs 1
qgvs 1
qgvs 1
qgvs 1
qgvs 1
qgvs 1
qgvs 1
qgvs 1
qgvs 1
qgvs 1
qgvs 1
qgvs 1
qgvs 1
qgvs 1
qgvs 1
qgvs 1
qgvs 1
qgvs 1
qgvs 1
qgvs 1
qgvs 1
qgvs 1
qgvs 1
qgvs 1
qgvs 1
qgvs 1
qgvs 1
qgvs 1
qgvs 1
qgvs 1
qgvs 1
qgvs 1
qgvs 1
qgvs 1
qgvs 1
qgvs 1
qgvs 1
qgvs 1
qgvs 1
qgvs 1
qgvs 1
qgvs 1
qgvs 1
qgvs 1
qgvs 1
qgvs 1
qgvs 1
qgvs 1
qgvs 1
qgvs 1
qgvs 1
qgvs 1
qgvs 1
qgvs 1
qgvs 1
qgvs 1
qgvs 1
qgvs 1
qgvs 1
qgvs 1
qgvs 1
qgvs 1
qgvs 1
qgvs 1
qgvs 1
qgvs 1
qgvs 1
qgvs 1
qgvs 1
qgvs 1
qgvs 1
qgvs 1
qgvs 1
qgvs 1
qgvs 1
qgvs 1
qgvs 1
qgvs 1
qgvs 1
qgvs 1
qgvs 1
qgvs 1
qgvs 1
qgvs 1
qgvs 1
qgvs 1
qgvs 1
qgvs 1
qgvs 1
qgvs 1
qgvs 1
qgvs 1
qgvs 1
qgvs 1
qgvs 1
qgvs 1
qgvs 1
qgvs 1
qgvs 1
qgvs 1
qgvs 1
qgvs 1
qgvs 1
qgvs 1
qgvs 1
qgvs 1
qgvs 1
qgvs 1
qgvs 1
qgvs 1
qgvs 1
qgvs 1
qgvs 1
qgvs 1
qgvs 1
qgvs 1
qgvs 1
qgvs 1
qgvs 1
qgvs 1
qgvs 1
qgvs 1
qgvs 1
qgvs 1
qgvs 1
qgvs 1
qgvs 1
qgvs 1
qgvs 1
qgvs 1
qgvs 1
qgvs 1
qgvs 1
qgvs 1
qgvs 1
qgvs 1
qgvs 1
qgvs 1
qgvs 1
qgvs 1
qgvs 1
qgvs 1
qgvs 1
qgvs 1
qgvs 1
qgvs 1
qgvs 1
qgvs 1
qgvs 1
qgvs 1
qgvs 1
qgvs 1
qgvs 1
qgvs 1
qgvs 1
qgvs 1
qgvs 1
qgvs 1
qgvs 1
qgvs 1
qgvs 1
qgvs 1
qgvs 1
qgvs 1
qgvs 1
qgvs 1
qgvs 1
qgvs 1
qgvs 1
qgvs 1
qgvs 1
qgvs 1
qgvs 1
qgvs 1
qgvs 1
qgvs 1
qgvs 1
qgvs 1
qgvs 1
qgvs 1
qgvs 1
qgvs 1
qgvs 1
qgvs 1
qgvs 1
qgvs 1
qgvs 1
qgvs 1
qgvs 1
qgvs 1
qgvs 1
qgvs 1
qgvs 1
qgvs 1
qgvs 1
qgvs 1
qgvs 1
qgvs 1
qgvs 1
qgvs 1
qgvs 1
qgvs 1
qgvs 1
qgvs 1
qgvs 1
qgvs 1
qgvs 1
qgvs 1
qgvs 1
qgvs 1
qgvs 1
qgvs 1
qgvs 1
qgvs 1
qgvs 1
qgvs 1
qgvs 1
qgvs 1
qgvs 1
qgvs 1
qgvs 1
qgvs 1
qgvs 1
qgvs 1
qgvs 1
qgvs 1
qgvs 1
qgvs 1
qgvs 1
qgvs 1
qgvs 1
qgvs 1
qgvs 1
qgvs 1
qgvs 1
qgvs 1
qgvs 1
qgvs 1
qgvs 1
qgvs 1
qgvs 1
qgvs 1
qgvs 1
qgvs 1
qgvs 1
qgvs 1
qgvs 1
qgvs 1
qgvs 1
qgvs 1
qgvs 1
qgvs 1
qgvs 1
qgvs 1
qgvs 1
qgvs 1
qgvs 1
qgvs 1
qgvs 1
qgvs 1
qgvs 1
qgvs 1
qgvs 1
qgvs 1
qgvs 1
qgvs 1
qgvs 1
qgvs 1
qgvs 1
qgvs 1
qgvs 1
qgvs 1
qgvs 1
qgvs 1
qgvs 1
qgvs 1
qgvs 1
qgvs 1
qgvs 1
qgvs 1
qgvs 1
qgvs 1
qgvs 1
qgvs 1
qgvs 1
qgvs 1
qgvs 1
qgvs 1
qgvs 1
qgvs 1
qgvs 1
qgvs 1
qgvs 1
qgvs 1
qgvs 1
qgvs 1
qgvs 1
qgvs 1
qgvs 1
qgvs 1
qgvs 1
qgvs 1
qgvs 1
qgvs 1
qgvs 1
qgvs 1
qgvs 1
qgvs 1
qgvs 1
qgvs 1
qgvs 1
qgvs 1
qgvs 1
qgvs 1
qgvs 1
qgvs 1
qgvs 1
qgvs 1
qgvs 1
qgvs 1
qgvs 1
qgvs 1
qgvs 1
qgvs 1
qgvs 1
qgvs 1
qgvs 1
qgvs 1
qgvs 1
qgvs 1
qgvs 1
qgvs 1
qgvs 1
qgvs 1
qgvs 1
qgvs 1
qgvs 1
qgvs 1
qgvs 1
qgvs 1
qgvs 1
qgvs 1
qgvs 1
qgvs 1
qgvs 1
qgvs 1
qgvs 1
qgvs 1
qgvs 1
qgvs 1
qgvs 1
qgvs 1
qgvs 1
qgvs 1
qgvs 1
qgvs 1
qgvs 1
qgvs 1
qgvs 1
qgvs 1
qgvs 1
qgvs 1
qgvs 1
qgvs 1
qgvs 1
qgvs 1
qgvs 1
qgvs 1
qgvs 1
qgvs 1
qgvs 1
qgvs 1
qgvs 1
qgvs 1
qgvs 1
qgvs 1
qgvs 1
qgvs 1
qgvs 1
qgvs 1
qgvs 1
qgvs 1
qgvs 1
qgvs 1
qgvs 1
qgvs 1
qgvs 1
qgvs 1
qgvs 1
qgvs 1
qgvs 1
qgvs 1
qgvs 1
qgvs 1
qgvs 1
qgvs 1
qgvs 1
qgvs 1
qgvs 1
qgvs 1
qgvs 1
qgvs 1
qgvs 1
qgvs 1
qgvs 1
qgvs 1
qgvs 1
qgvs 1
qgvs 1
qgvs 1
qgvs 1
qgvs 1
qgvs 1
qgvs 1
qgvs 1
qgvs 1
qgvs 1
qgvs 1
qgvs 1
qgvs 1
qgvs 1
qgvs 1
qgvs 1
qgvs 1
qgvs 1
qgvs 1
qgvs 1
qgvs 1
qgvs 1
qgvs 1
qgvs 1
qgvs 1
qgvs 1
qgvs 1
qgvs 1
qgvs 1
qgvs 1
qgvs 1
qgvs 1
qgvs 1
qgvs 1
qgvs 1
qgvs 1
qgvs 1
qgvs 1
qgvs 1
qgvs 1
qgvs 1
qgvs 1
qgvs 1
qgvs 1
qgvs 1
qgvs 1
qgvs 1
qgvs 1
qgvs 1
qgvs 1
qgvs 1
qgvs 1
qgvs 1
qgvs 1
qgvs 1
qgvs 1
qgvs 1
qgvs 1
qgvs 1
qgvs 1
qgvs 1
qgvs 1
qgvs 1
qgvs 1
qgvs 1
qgvs 1
qgvs 1
qgvs 1
qgvs 1
qgvs 1
qgvs 1
qgvs 1
qgvs 1
qgvs 1
qgvs 1
qgvs 1
qgvs 1
qgvs 1
qgvs 1
qgvs 1
qgvs 1
qgvs 1
qgvs 1
qgvs 1
qgvs 1
qgvs 1
qgvs 1
qgvs 1
qgvs 1
qgvs 1
qgvs 1
qgvs 1
qgvs 1
qgvs 1
qgvs 1
qgvs 1
qgvs 1
qgvs 1
qgvs 1
qgvs 1
qgvs 1
qgvs 1
qgvs 1
qgvs 1
qgvs 1
qgvs 1
qgvs 1
qgvs 1
qgvs 1
qgvs 1
qgvs 1
qgvs 1
qgvs 1
qgvs 1
qgvs 1
qgvs 1
qgvs 1
qgvs 1
qgvs 1
qgvs 1
qgvs 1
qgvs 1
qgvs 1
qgvs 1
qgvs 1
qgvs 1
qgvs 1
qgvs 1
qgvs 1
qgvs 1
qgvs 1
qgvs 1
qgvs 1
qgvs 1
qgvs 1
qgvs 1
qgvs 1
qgvs 1
qgvs 1
qgvs 1
qgvs 1
qgvs 1
qgvs 1
qgvs 1
qgvs 1
qgvs 1
qgvs 1
qgvs 1
qgvs 1
qgvs 1
qgvs 1
qgvs 1
qgvs 1
qgvs 1
qgvs 1
qgvs 1
qgvs 1
qgvs 1
qgvs 1
qgvs 1
qgvs 1
qgvs 1
qgvs 1
qgvs 1
qgvs 1
qgvs 1
qgvs 1
qgvs 1
qgvs 1
qgvs 1
qgvs 1
qgvs 1
qgvs 1
qgvs 1
qgvs 1
qgvs 1
qgvs 1
qgvs 1
qgvs 1
qgvs 1
qgvs 1
qgvs 1
qgvs 1
qgvs 1
qgvs 1
qgvs 1
qgvs 1
qgvs 1
qgvs 1
qgvs 1
qgvs 1
qgvs 1
qgvs 1
qgvs 1
qgvs 1
qgvs 1
qgvs 1
qgvs 1
qgvs 1
qgvs 1
qgvs 1
qgvs 1
qgvs 1
qgvs 1
qgvs 1
qgvs 1
qgvs 1
qgvs 1
qgvs 1
qgvs 1
qgvs 1
qgvs 1
qgvs 1
qgvs 1
qgvs 1
qgvs 1
qgvs 1
qgvs 1
qgvs 1
qgvs 1
qgvs 1
qgvs 1
qgvs 1
qgvs 1
qgvs 1
qgvs 1
qgvs 1
qgvs 1
qgvs 1
qgvs 1
qgvs 1
qgvs 1
qgvs 1
qgvs 1
qgvs 1
qgvs 1
qgvs 1
qgvs 1
qgvs 1
qgvs 1
qgvs 1
qgvs 1
qgvs 1
qgvs 1
qgvs 1
qgvs 1
qgvs 1
qgvs 1
qgvs 1
qgvs 1
qgvs 1
qgvs 1
qgvs 1
qgvs 1
qgvs 1
qgvs 1
qgvs 1
qgvs 1
qgvs 1
qgvs 1
qgvs 1
qgvs 1
qgvs 1
qgvs 1
qgvs 1
qgvs 1
qgvs 1
qgvs 1
qgvs 1
qgvs 1
qgvs 1
qgvs 1
qgvs 1
qgvs 1
qgvs 1
qgvs 1
qgvs 1
qgvs 1
qgvs 1
qgvs 1
qgvs 1
qgvs 1
qgvs 1
qgvs 1
qgvs 1
qgvs 1
qgvs 1
qgvs 1
qgvs 1
qgvs 1
qgvs 1
qgvs 1
qgvs 1
qgvs 1
qgvs 1
qgvs 1
qgvs 1
qgvs 1
qgvs 1
qgvs 1
qgvs 1
qgvs 1
qgvs 1
qgvs 1
qgvs 1
qgvs 1
qgvs 1
qgvs 1
qgvs 1
qgvs 1
qgvs 1
qgvs 1
qgvs 1
qgvs 1
qgvs 1
qgvs 1
qgvs 1
qgvs 1
qgvs 1
qgvs 1
qgvs 1
qgvs 1
qgvs 1
qgvs 1
qgvs 1
qgvs 1
qgvs 1
qgvs 1
qgvs 1
qgvs 1
qgvs 1
qgvs 1
qgvs 1
qgvs 1
qgvs 1
qgvs 1
qgvs 1
qgvs 1
qgvs 1
qgvs 1
qgvs 1
qgvs 1
qgvs 1
qgvs 1
qgvs 1
qgvs 1
qgvs 1
qgvs 1
qgvs 1
qgvs 1
qgvs 1
qgvs 1
qgvs 1
qgvs 1
qgvs 1
qgvs 1
qgvs 1
qgvs 1
qgvs 1
qgvs 1
qgvs 1
qgvs 1
qgvs 1
qgvs 1
qgvs 1
qgvs 1
qgvs 1
qgvs 1
qgvs 1
qgvs 1
qgvs 1
qgvs 1
qgvs 1
qgvs 1
qgvs 1
qgvs 1
qgvs 1
qgvs 1
qgvs 1
qgvs 1
qgvs 1
qgvs 1
qgvs 1
qgvs 1
qgvs 1
qgvs 1
qgvs 1
qgvs 1
qgvs 1
qgvs 1
qgvs 1
qgvs 1
qgvs 1
qgvs 1
qgvs 1
qgvs 1
qgvs 1
qgvs 1
qgvs 1
qgvs 1
qgvs 1
qgvs 1
qgvs 1
qgvs 1
qgvs 1
qgvs 1
qgvs 1
qgvs 1
qgvs 1
qgvs 1
qgvs 1
qgvs 1
qgvs 1
qgvs 1
qgvs 1
qgvs 1
qgvs 1
qgvs 1
qgvs 1
qgvs 1
qgvs 1
qgvs 1
qgvs 1
qgvs 1
qgvs 1
qgvs 1
qgvs 1
qgvs 1
qgvs 1
qgvs 1
qgvs 1
qgvs 1
qgvs 1
qgvs 1
qgvs 1
qgvs 1
qgvs 1
qgvs 1
qgvs 1
qgvs 1
qgvs 1
qgvs 1
qgvs 1
qgvs 1
qgvs 1
qgvs 1
qgvs 1
qgvs 1
qgvs 1
qgvs 1
qgvs 1
qgvs 1
qgvs 1
qgvs 1
qgvs 1
qgvs 1
qgvs 1
qgvs 1
qgvs 1
qgvs 1
qgvs 1
qgvs 1
qgvs 1
qgvs 1
qgvs 1
qgvs 1
qgvs 1
qgvs 1
qgvs 1
qgvs 1
qgvs 1
qgvs 1
qgvs 1
qgvs 1
qgvs 1
qgvs 1
qgvs 1
qgvs 1
qgvs 1
qgvs 1
qgvs 1
qgvs 1
qgvs 1
qgvs 1
qgvs 1
qgvs 1
qgvs 1
qgvs 1
qgvs 1
qgvs 1
qgvs 1
qgvs 1
qgvs 1
qgvs 1
qgvs 1
qgvs 1
qgvs 1
qgvs 1
qgvs 1
qgvs 1
qgvs 1
qgvs 1
qgvs 1
qgvs 1
qgvs 1
qgvs 1
qgvs 1
qgvs 1
qgvs 1
qgvs 1
qgvs 1
qgvs 1
qgvs 1
qgvs 1
qgvs 1
qgvs 1
qgvs 1
qgvs 1
qgvs 1
qgvs 1
qgvs 1
qgvs 1
qgvs 1
qgvs 1
qgvs 1
qgvs 1
qgvs 1
qgvs 1
qgvs 1
qgvs 1
qgvs 1
qgvs 1
qgvs 1
qgvs 1
qgvs 1
qgvs 1
qgvs 1
qgvs 1
qgvs 1
qgvs 1
qgvs 1
qgvs 1
qgvs 1
qgvs 1
qgvs 1
qgvs 1
qgvs 1
qgvs 1
qgvs 1
qgvs 1
qgvs 1
qgvs 1
qgvs 1
qgvs 1
qgvs 1
qgvs 1
qgvs 1
qgvs 1
qgvs 1
qgvs 1
qgvs 1
qgvs 1
qgvs 1
qgvs 1
qgvs 1
qgvs 1
qgvs 1
qgvs 1
qgvs 1
qgvs 1
qgvs 1
qgvs 1
qgvs 1
qgvs 1
qgvs 1
qgvs 1
qgvs 1
qgvs 1
qgvs 1
qgvs 1
qgvs 1
qgvs 1
qgvs 1
qgvs 1
qgvs 1
qgvs 1
qgvs 1
qgvs 1
qgvs 1
qgvs 1
qgvs 1
qgvs 1
qgvs 1
qgvs 1
qgvs 1
qgvs 1
qgvs 1
qgvs 1
qgvs 1
qgvs 1
qgvs 1
qgvs 1
qgvs 1
qgvs 1
qgvs 1
qgvs 1
qgvs 1
qgvs 1
qgvs 1
qgvs 1
qgvs 1
qgvs 1
qgvs 1
qgvs 1
qgvs 1
qgvs 1
qgvs 1
qgvs 1
qgvs 1
qgvs 1
qgvs 1
qgvs 1
qgvs 1
qgvs 1
qgvs 1
qgvs 1
qgvs 1
qgvs 1
qgvs 1
qgvs 1
qgvs 1
qgvs 1
qgvs 1
qgvs 1
qgvs 1
qgvs 1
qgvs 1
qgvs 1
qgvs 1
qgvs 1
qgvs 1
qgvs 1
qgvs 1
qgvs 1
qgvs 1
qgvs 1
qgvs 1
qgvs 1
qgvs 1
qgvs 1
qgvs 1
qgvs 1
qgvs 1
qgvs 1
qgvs 1
qgvs 1
qgvs 1
qgvs 1
qgvs 1
qgvs 1
qgvs 1
qgvs 1
qgvs 1
qgvs 1
qgvs 1
qgvs 1
qgvs 1
qgvs 1
qgvs 1
qgvs 1
qgvs 1
qgvs 1
qgvs 1
qgvs 1
qgvs 1
qgvs 1
qgvs 1
qgvs 1
qgvs 1
qgvs 1
qgvs 1
qgvs 1
qgvs 1
qgvs 1
qgvs 1
qgvs 1
qgvs 1
qgvs 1
qgvs 1
qgvs 1
qgvs 1
qgvs 1
qgvs 1
qgvs 1
qgvs 1
qgvs 1
qgvs 1
qgvs 1
qgvs 1
qgvs 1
qgvs 1
qgvs 1
qgvs 1
qgvs 1
qgvs 1
qgvs 1
qgvs 1
qgvs 1
qgvs 1
qgvs 1
qgvs 1
qgvs 1
qgvs 1
qgvs 1
qgvs 1
qgvs 1
qgvs 1
qgvs 1
qgvs 1
qgvs 1
qgvs 1
qgvs 1
qgvs 1
qgvs 1
qgvs 1
qgvs 1
qgvs 1
qgvs 1
qgvs 1
qgvs 1
qgvs 1
qgvs 1
qgvs 1
qgvs 1
qgvs 1
qgvs 1
qgvs 1
qgvs 1
qgvs 1
qgvs 1
qgvs 1
qgvs 1
qgvs 1
qgvs 1
qgvs 1
qgvs 1
qgvs 1
qgvs 1
qgvs 1
qgvs 1
qgvs 1
qgvs 1
qgvs 1
qgvs 1
qgvs 1
qgvs 1
qgvs 1
qgvs 1
qgvs 1
qgvs 1
qgvs 1
qgvs 1
qgvs 1
